METER_CODE,FOLIO_NUMBER,ORDERED_QUANTITY,COMMITTED_NET_QUANTITY,GROSS_UNACCOUNTED,GROSS_THRUPUT,ACTUAL_GROSS_THRUPUT,serka,serka2,serka3
MTR_201,20210927,172100,165698,7998,337871,345869,-165771,-172173,-180171
MTR_201,20210928,469000,456173,13995,448730,462725,20270,7443,-6552
MTR_201,20210929,564000,522630,4,530971,530975,33029,-8341,-8345
MTR_201,20210930,598000,551413,1,563237,563238,34763,-11824,-11825
MTR_201,20211001,308100,282753,3,299805,299808,8295,-17052,-17055
MTR_201,20211002,276000,260835,1,262836,262837,13164,-2001,-2002
MTR_201,20211004,444100,440565,3,443786,443789,314,-3221,-3224
MTR_201,20211005,357450,325894,-1,328257,328256,29193,-2363,-2362
MTR_201,20211006,518000,479277,4,482727,482731,35273,-3450,-3454
MTR_201,20211007,398000,375102,1,377818,377819,20182,-2716,-2717
MTR_201,20211008,584000,550773,0,559764,559764,24236,-8991,-8991
MTR_201,20211009,405100,383173,2,385811,385813,19289,-2638,-2640
MTR_201,20211011,461250,439896,2,442750,442752,18500,-2854,-2856
MTR_201,20211012,638000,614339,4,618663,618667,19337,-4324,-4328
MTR_201,20211013,116000,115134,266975,115927,382902,73,-793,-267768
MTR_201,20211014,391100,309796,193875,334460,528335,56640,-24664,-218539
MTR_201,20211015,703200,629579,3,619077,619080,84123,10502,10499
MTR_201,20211016,314100,295969,6,289878,289884,24222,6091,6085
MTR_201,20211017,48000,47661,1,47970,47971,30,-309,-310
MTR_201,20211018,373100,370483,-3,369828,369825,3272,655,658
MTR_201,20211019,95000,94335,3,94940,94943,60,-605,-608
MTR_201,20211020,173000,171789,1,172906,172907,94,-1117,-1118
MTR_201,20211021,255100,236460,2,237887,237889,17213,-1427,-1429
MTR_201,20211022,242000,219511,3,220882,220885,21118,-1371,-1374
MTR_201,20211023,313100,309054,2,310889,310891,2211,-1835,-1837
MTR_201,20211025,390000,376580,1,378795,378796,11205,-2215,-2216
MTR_201,20211026,352000,339864,0,341817,341817,10183,-1953,-1953
MTR_201,20211027,425000,412428,3,414752,414755,10248,-2324,-2327
MTR_201,20211028,403000,357789,1,377388,377389,25612,-19599,-19600
MTR_201,20211029,570000,528783,4,531708,531712,38292,-2925,-2929
MTR_201,20211030,580000,559622,1,562708,562709,17292,-3086,-3087
MTR_201,20211101,372000,355849,0,357792,357792,14208,-1943,-1943
MTR_201,20211102,407000,372746,7,374794,374801,32206,-2048,-2055
MTR_201,20211103,399000,388715,-1,390794,390793,8206,-2079,-2078
MTR_201,20211104,361600,339234,1,340873,340874,20727,-1639,-1640
MTR_201,20211105,468100,434777,-2,436814,436812,31286,-2037,-2035
MTR_201,20211106,288100,286650,-3,287871,287868,229,-1221,-1218
MTR_201,20211107,41000,40807,0,40979,40979,21,-172,-172
MTR_201,20211108,424000,397212,1,398776,398777,25224,-1564,-1565
MTR_201,20211109,405000,396297,1,397758,397759,7242,-1461,-1462
MTR_201,20211110,460000,444144,-8,451736,451728,8264,-7592,-7584
MTR_201,20211111,493000,468110,5,475697,475702,17303,-7587,-7592
MTR_201,20211112,394100,361657,3,362804,362807,31296,-1147,-1150
MTR_201,20211113,330000,287873,37993,298838,336831,31162,-10965,-48958
MTR_201,20211114,19000,18925,1,18991,18992,9,-66,-67
MTR_201,20211115,495100,478274,-3,469811,469808,25289,8463,8466
MTR_201,20211116,438000,396530,7,404597,404604,33403,-8067,-8074
MTR_201,20211117,444200,405736,-1,406928,406927,37272,-1192,-1191
MTR_201,20211118,383000,369739,2,370788,370790,12212,-1049,-1051
MTR_201,20211119,488000,457486,1,458718,458719,29282,-1232,-1233
MTR_201,20211120,443000,427665,7,428719,428726,14281,-1054,-1061
MTR_201,20211121,19000,18945,0,18987,18987,13,-42,-42
MTR_201,20211122,549000,523549,0,524696,524696,24304,-1147,-1147
MTR_201,20211123,503000,478761,5,494734,494739,8266,-15973,-15978
MTR_201,20211124,372000,350173,2,350793,350795,21207,-620,-622
MTR_201,20211125,461000,428076,-5,428748,428743,32252,-672,-667
MTR_201,20211126,439000,414692,5,405774,405779,33226,8918,8913
MTR_201,20211127,505000,431271,6,449772,449778,55228,-18501,-18507
MTR_201,20211129,458100,419577,2,429101,429103,28999,-9524,-9526
MTR_201,20211130,285000,284670,-1,284820,284819,180,-150,-149
MTR_201,20211201,421000,402595,3,402755,402758,18245,-160,-163
MTR_201,20211202,421100,381748,2,391183,391185,29917,-9435,-9437
MTR_201,20211203,427100,399803,7001,403971,410972,23129,-4168,-11169
MTR_201,20211204,552000,524684,-2,524737,524735,27263,-53,-51
MTR_201,20211206,403000,393788,5,393792,393797,9208,-4,-9
MTR_201,20211207,345000,338859,3,338812,338815,6188,47,44
MTR_201,20211208,321000,312858,1,312832,312833,8168,26,25
MTR_201,20211209,435000,370867,6,383015,383021,51985,-12148,-12154
MTR_201,20211210,532000,478862,10,478712,478722,53288,150,140
MTR_201,20211211,421000,353883,5,364822,364827,56178,-10939,-10944
MTR_201,20211213,373000,367867,-1,367803,367802,5197,64,65
MTR_201,20211214,416000,373927,5,373809,373814,42191,118,113
MTR_201,20211215,394100,373981,0,379673,379673,14427,-5692,-5692
MTR_201,20211216,518000,417805,-1,417784,417783,100216,21,22
MTR_201,20211217,572000,487731,4,487759,487763,84241,-28,-32
MTR_201,20211218,514000,421744,1,425181,425182,88819,-3437,-3438
MTR_201,20211220,512000,472677,0,472723,472723,39277,-46,-46
MTR_201,20211221,456000,408739,3,408732,408735,47268,7,4
MTR_201,20211222,405000,382727,-3,384144,384141,20856,-1417,-1414
MTR_201,20211223,391000,370125,1,376719,376720,14281,-6594,-6595
MTR_201,20211224,572000,545917,-3,550631,550628,21369,-4714,-4711
MTR_201,20211225,434000,416369,0,431245,431245,2755,-14876,-14876
MTR_201,20211227,430000,386045,11,390907,390918,39093,-4862,-4873
MTR_201,20211228,378368,330951,4,333202,333206,45166,-2251,-2255
MTR_201,20211229,361000,342615,1,344795,344796,16205,-2180,-2181
MTR_201,20211230,446000,406335,5,408767,408772,37233,-2432,-2437
MTR_201,20211231,627000,587365,9,602677,602686,24323,-15312,-15321
MTR_201,20220101,186000,178977,1996,179903,181899,6097,-926,-2922
MTR_201,20220102,19000,18903,-1,18987,18986,13,-84,-83
MTR_201,20220103,469000,436922,3,438708,438711,30292,-1786,-1789
MTR_201,20220104,443665,414837,2,416239,416241,27426,-1402,-1404
MTR_201,20220105,584922,556667,3,551684,551687,33238,4983,4980
MTR_201,20220106,420100,416559,4,417803,417807,2297,-1244,-1248
MTR_201,20220107,560000,550139,-2,551669,551667,8331,-1530,-1528
MTR_201,20220108,437100,384768,1,398792,398793,38308,-14024,-14025
MTR_201,20220110,631923,562241,9,556625,556634,75298,5616,5607
MTR_201,20220111,358000,343054,0,343810,343810,14190,-756,-756
MTR_201,20220112,393000,391987,0,392752,392752,248,-765,-765
MTR_201,20220113,412000,403041,-2,403755,403753,8245,-714,-712
MTR_201,20220114,390000,377195,3,377762,377765,12238,-567,-570
MTR_201,20220115,590000,530962,1,541549,541550,48451,-10587,-10588
MTR_201,20220116,69000,68880,2,68959,68961,41,-79,-81
MTR_201,20220117,399000,351415,-3,359570,359567,39430,-8155,-8152
MTR_201,20220118,402000,346478,2,346832,346834,55168,-354,-356
MTR_201,20220119,380000,363498,3,363807,363810,16193,-309,-312
MTR_201,20220120,317000,276656,4,276789,276793,40211,-133,-137
MTR_201,20220121,486000,469471,1,469690,469691,16310,-219,-220
MTR_201,20220122,325000,322675,-1,322812,322811,2188,-137,-136
MTR_201,20220124,364000,355713,-1,355777,355776,8223,-64,-63
MTR_201,20220125,347100,329873,3,329838,329841,17262,35,32
MTR_201,20220126,313000,284826,0,292674,292674,20326,-7848,-7848
MTR_201,20220127,387000,370803,0,370823,370823,16177,-20,-20
MTR_201,20220128,461000,460755,2,460703,460705,297,52,50
MTR_201,20220129,373100,352911,-3,370310,370307,2790,-17399,-17396
MTR_201,20220131,657000,605715,2002,611543,613545,45457,-5828,-7830
MTR_201,20220201,314000,299863,0,299853,299853,14147,10,10
MTR_201,20220202,230000,227895,-1,227847,227846,2153,48,49
MTR_201,20220203,344000,333852,-1,333833,333832,10167,19,20
MTR_201,20220204,411000,390824,1,391285,391286,19715,-461,-462
MTR_201,20220205,440100,428905,2,428774,428776,11326,131,129
MTR_201,20220207,425000,404818,4,404793,404797,20207,25,21
MTR_201,20220208,343000,319853,1,319842,319843,23158,11,10
MTR_201,20220209,293000,292864,3,292827,292830,173,37,34
MTR_201,20220210,317000,294869,3,294852,294855,22148,17,14
MTR_201,20220211,438000,416811,3,416759,416762,21241,52,49
MTR_201,20220212,389100,388928,-2,388872,388870,228,56,58
MTR_201,20220214,518000,504780,5,504715,504720,13285,65,60
MTR_201,20220215,711000,621761,8,621582,621590,89418,179,171
MTR_201,20220216,437000,431858,3,431737,431740,5263,121,118
MTR_201,20220217,381000,362882,2,362787,362789,18213,95,93
MTR_201,20220218,505000,487827,-1,487714,487713,17286,113,114
MTR_201,20220219,382000,329861,0,320774,320774,61226,9087,9087
MTR_201,20220221,379000,360844,5,367818,367823,11182,-6974,-6979
MTR_201,20220222,415000,369835,1,369833,369834,45167,2,1
MTR_201,20220223,426000,390794,1,390813,390814,35187,-19,-20
MTR_201,20220224,465000,450752,4,450687,450691,14313,65,61
MTR_201,20220225,597000,574695,4,572598,572602,24402,2097,2093
MTR_201,20220226,430000,420796,1,420760,420761,9240,36,35
MTR_201,20220228,745000,694747,11,695958,695969,49042,-1211,-1222
MTR_201,20220301,527000,471840,5,468728,468733,58272,3112,3107
MTR_201,20220302,436000,390868,10,390814,390824,45186,54,44
MTR_201,20220303,350000,338853,-4,339814,339810,10186,-961,-957
MTR_201,20220304,616200,557968,4,557831,557835,58369,137,133
MTR_201,20220305,424196,386072,2,387647,387649,36549,-1575,-1577
MTR_201,20220306,23000,22994,0,22987,22987,13,7,7
MTR_201,20220307,494000,438903,11,438770,438781,55230,133,122
MTR_201,20220308,487200,429006,2,428759,428761,58441,247,245
MTR_201,20220309,494000,454907,0,454738,454738,39262,169,169
MTR_201,20220310,381000,362899,1,362775,362776,18225,124,123
MTR_201,20220311,528400,502236,-3,510020,510017,18380,-7784,-7781
MTR_201,20220312,433130,400997,2,408785,408787,24345,-7788,-7790
MTR_201,20220313,30000,29988,1,29968,29969,32,20,19
MTR_201,20220314,513000,488795,-1,490708,490707,22292,-1913,-1912
MTR_201,20220315,475000,440887,4,440747,440751,34253,140,136
MTR_201,20220316,258100,252098,1,251930,251931,6170,168,167
MTR_201,20220317,543000,475038,10,482755,482765,60245,-7717,-7727
MTR_201,20220318,482000,440998,7,451780,451787,30220,-10782,-10789
MTR_201,20220319,408000,365963,4,367148,367152,40852,-1185,-1189
MTR_201,20220321,465000,445974,0,455447,455447,9553,-9473,-9473
MTR_201,20220322,360000,313982,4,313825,313829,46175,157,153
MTR_201,20220323,282000,276916,3,276830,276833,5170,86,83
MTR_201,20220324,379000,333094,3,346832,346835,32168,-13738,-13741
MTR_201,20220325,286000,276222,2,275870,275872,10130,352,350
MTR_201,20220326,370401,347634,1,347269,347270,23132,365,364
MTR_201,20220328,490000,474966,3,474706,474709,15294,260,257
MTR_201,20220329,420000,395943,0,395777,395777,24223,166,166
MTR_201,20220330,597000,544928,7,544743,544750,52257,185,178
MTR_201,20220331,565100,529957,4,537790,537794,27310,-7833,-7837
MTR_201,20220401,556000,548799,-1,548686,548685,7314,113,114
MTR_201,20220402,406620,393630,5,392805,392810,13815,825,820
MTR_201,20220404,430000,380124,2,404165,404167,25835,-24041,-24043
MTR_201,20220405,392000,362271,-1,390959,390958,1041,-28688,-28687
MTR_201,20220406,282000,251182,2,270540,270542,11460,-19358,-19360
MTR_201,20220407,418000,412238,-2,411758,411756,6242,480,482
MTR_201,20220408,335000,319110,5,318780,318785,16220,330,325
MTR_201,20220409,371000,345993,3,345766,345769,25234,227,224
MTR_201,20220411,320000,292887,3,292831,292834,27169,56,53
MTR_201,20220412,338000,329775,5,329815,329820,8185,-40,-45
MTR_201,20220413,297200,291062,-4,290980,290976,6220,82,86
MTR_201,20220414,256100,240955,0,240877,240877,15223,78,78
MTR_201,20220415,316100,286874,3,286862,286865,29238,12,9
MTR_201,20220416,478000,469441,0,469730,469730,8270,-289,-289
MTR_201,20220418,451000,441040,3,441718,441721,9282,-678,-681
MTR_201,20220419,528100,454079,10,469828,469838,58272,-15749,-15759
MTR_201,20220420,282100,267702,5,255850,255855,26250,11852,11847
MTR_201,20220421,724100,715008,1,715660,715661,8440,-652,-653
MTR_201,20220422,296000,280728,1,280841,280842,15159,-113,-114
MTR_201,20220424,463000,459636,-1,462754,462753,246,-3118,-3117
MTR_201,20220425,373000,362396,0,364823,364823,8177,-2427,-2427
MTR_201,20220426,414000,411040,-4,413798,413794,202,-2758,-2754
MTR_201,20220427,481000,465643,1,468771,468772,12229,-3128,-3129
MTR_201,20220428,439000,421958,5,424786,424791,14214,-2828,-2833
MTR_201,20220429,511000,452737,-2,463736,463734,47264,-10999,-10997
MTR_201,20220503,293000,290906,2,292832,292834,168,-1926,-1928
MTR_201,20220504,236000,228355,1,229860,229861,6140,-1505,-1506
MTR_201,20220505,508000,493441,3,496745,496748,11255,-3304,-3307
MTR_201,20220506,456100,433974,0,436808,436808,19292,-2834,-2834
MTR_201,20220507,373000,344517,1,353825,353826,19175,-9308,-9309
MTR_201,20220509,421000,382248,4,384819,384823,36181,-2571,-2575
MTR_201,20220510,319000,293883,5,295814,295819,23186,-1931,-1936
MTR_201,20220511,470000,436854,7,445466,445473,24534,-8612,-8619
MTR_201,20220512,502000,490466,6,493728,493734,8272,-3262,-3268
MTR_201,20220513,556000,539116,2,542705,542707,13295,-3589,-3591
MTR_201,20220514,694000,661238,3,665655,665658,28345,-4417,-4420
MTR_201,20220515,15000,14893,0,14985,14985,15,-92,-92
MTR_201,20220516,404000,383237,4,385822,385826,18178,-2585,-2589
MTR_201,20220517,440000,400119,6,402751,402757,37249,-2632,-2638
MTR_201,20220518,478000,437844,6,449732,449738,28268,-11888,-11894
MTR_201,20220519,541200,494539,6,497781,497787,43419,-3242,-3248
MTR_201,20220520,679100,617649,7,626639,626646,52461,-8990,-8997
MTR_201,20220521,495000,447770,1,450740,450741,44260,-2970,-2971
MTR_201,20220522,20000,19857,0,19982,19982,18,-125,-125
MTR_201,20220523,428100,425037,-3,427754,427751,346,-2717,-2714
MTR_201,20220524,528000,513301,-2,516669,516667,11331,-3368,-3366
MTR_201,20220525,336000,333597,2,335767,335769,233,-2170,-2172
MTR_201,20220526,557000,518265,6,521656,521662,35344,-3391,-3397
MTR_201,20220527,548000,511313,2,514703,514705,33297,-3390,-3392
MTR_201,20220528,423000,388203,1,390789,390790,32211,-2586,-2587
MTR_201,20220530,488000,461673,2,464752,464754,23248,-3079,-3081
MTR_201,20220531,442100,418087,6,420866,420872,21234,-2779,-2785
MTR_201,20220601,511100,482621,6,485836,485842,25264,-3215,-3221
MTR_201,20220602,592000,522237,7,521663,521670,70337,574,567
MTR_201,20220603,653100,588855,5,592719,592724,60381,-3864,-3869
MTR_201,20220604,407000,402101,0,404764,404764,2236,-2663,-2663
MTR_201,20220606,550000,520251,8,523718,523726,26282,-3467,-3475
MTR_201,20220607,576000,563935,-1,567708,567707,8292,-3773,-3772
MTR_201,20220608,555000,519261,3,522728,522731,32272,-3467,-3470
MTR_201,20220609,610000,532161,3,535688,535691,74312,-3527,-3530
MTR_201,20220610,576000,536136,3,539687,539690,36313,-3551,-3554
MTR_201,20220611,471000,441818,-3,450730,450727,20270,-8912,-8909
MTR_201,20220613,656000,604644,7,611327,611334,44673,-6683,-6690
MTR_201,20220614,501000,480538,4,496554,496558,4446,-16016,-16020
MTR_201,20220615,715000,651310,-4,680528,680524,34472,-29218,-29214
MTR_201,20220616,461000,375296,-2,379057,379055,81943,-3761,-3759
MTR_201,20220617,431000,414017,0,416784,416784,14216,-2767,-2767
MTR_201,20220618,342643,327285,-1,323792,323791,18851,3493,3494
MTR_201,20220620,386000,362386,3,376446,376449,9554,-14060,-14063
MTR_201,20220621,401100,376388,3485,398297,401782,2803,-21909,-25394
MTR_201,20220622,414100,375394,6745,394965,401710,19135,-19571,-26316
MTR_201,20220623,357100,318799,-3,320745,320742,36355,-1946,-1943
MTR_201,20220624,471100,459788,-5,462752,462747,8348,-2964,-2959
MTR_201,20220625,238300,220511,1,221916,221917,16384,-1405,-1406
MTR_201,20220627,335000,309768,6,311759,311765,23241,-1991,-1997
MTR_201,20220628,595000,557981,5,546633,546638,48367,11348,11343
MTR_201,20220629,641000,620527,-1,608648,608647,32352,11879,11880
MTR_201,20220630,576000,560955,1,564714,564715,11286,-3759,-3760
MTR_201,20220701,618000,582794,3196,550856,554052,67144,31938,28742
MTR_201,20220702,428000,411038,-4,413775,413771,14225,-2737,-2733
MTR_201,20220704,478000,454724,5,457669,457674,20331,-2945,-2950
MTR_201,20220705,580000,548047,-1,534617,534616,45383,13430,13431
MTR_201,20220706,384100,378373,-1,380756,380755,3344,-2383,-2382
MTR_201,20220707,494000,468624,-1,477424,477423,16576,-8800,-8799
MTR_201,20220708,455000,435859,3,438748,438751,16252,-2889,-2892
MTR_201,20220709,308000,297851,3,299825,299828,8175,-1974,-1977
MTR_201,20220711,83000,82406,4,82951,82955,49,-545,-549
MTR_201,20220712,136000,135027,3,135918,135921,82,-891,-894
MTR_201,20220713,135000,134033,1,134928,134929,72,-895,-896
MTR_201,20220714,261000,233320,0,234871,234871,26129,-1551,-1551
MTR_201,20220715,217000,215448,1,216870,216871,130,-1422,-1423
MTR_201,20220716,476000,465646,4,475758,475762,242,-10112,-10116
MTR_201,20220717,47000,36735,0,36983,36983,10017,-248,-248
MTR_201,20220718,569000,526207,-2,529735,529733,39265,-3528,-3526
MTR_201,20220719,489000,481530,6,484775,484781,4225,-3245,-3251
MTR_201,20220720,491000,480538,3,483756,483759,7244,-3218,-3221
MTR_201,20220721,346000,343524,0,345816,345816,184,-2292,-2292
MTR_201,20220722,494000,465645,5,468700,468705,25300,-3055,-3060
MTR_201,20220723,483000,469615,2,472701,472703,10299,-3086,-3088
MTR_201,20220725,455000,398131,-1,405772,405771,49228,-7641,-7640
MTR_201,20220726,431000,399125,2,401781,401783,29219,-2656,-2658
MTR_201,20220727,317000,314733,3,316828,316831,172,-2095,-2098
MTR_201,20220728,391000,380258,1,382762,382763,8238,-2504,-2505
MTR_201,20220729,416300,405278,5,407861,407866,8439,-2583,-2588
MTR_201,20220730,257100,247318,1,248968,248969,8132,-1650,-1651
MTR_201,20220731,28000,20850,0,20990,20990,7010,-140,-140
MTR_201,20220801,634000,610595,1,614667,614668,19333,-4072,-4073
MTR_201,20220802,530000,500394,-5,503662,503657,26338,-3268,-3263
MTR_201,20220803,683000,651302,2,655576,655578,27424,-4274,-4276
MTR_201,20220804,457000,424939,5,427724,427729,29276,-2785,-2790
MTR_201,20220805,680000,644355,-2,648655,648653,31345,-4300,-4298
MTR_201,20220806,561000,505359,1,511595,511596,49405,-6236,-6237
MTR_201,20220807,12000,11914,0,11997,11997,3,-83,-83
MTR_201,20220808,470100,432981,5,435867,435872,34233,-2886,-2891
MTR_201,20220809,455000,411040,4,413718,413722,41282,-2678,-2682
MTR_201,20220810,525100,521342,2,524666,524668,434,-3324,-3326
MTR_201,20220811,558000,549045,2,552603,552605,5397,-3558,-3560
MTR_201,20220812,456000,452739,-4,455695,455691,305,-2956,-2952
MTR_201,20220813,423000,409052,1,411754,411755,11246,-2702,-2703
MTR_201,20220814,54000,39714,1,31249,31250,22751,8465,8464
MTR_201,20220815,452100,417095,1,419802,419803,32298,-2707,-2708
MTR_201,20220816,674000,639387,2,643648,643650,30352,-4261,-4263
MTR_201,20220817,621000,599675,1,607645,607646,13355,-7970,-7971
MTR_201,20220818,564000,550037,1,549723,549724,14277,314,313
MTR_201,20220819,565100,523323,3,526780,526783,38320,-3457,-3460
MTR_201,20220820,508100,494535,1,497789,497790,10311,-3254,-3255
MTR_201,20220822,556000,542094,5,545661,545666,10339,-3567,-3572
MTR_201,20220823,642000,623506,-2,627619,627617,14381,-4113,-4111
MTR_201,20220824,439000,411041,4,413761,413765,25239,-2720,-2724
MTR_201,20220825,467100,412132,5,414810,414815,52290,-2678,-2683
MTR_201,20220826,598160,583571,-4,593463,593459,4697,-9892,-9888
MTR_201,20220827,568000,527194,2,523685,523687,44315,3509,3507
MTR_201,20220828,15000,14893,0,14989,14989,11,-96,-96
MTR_201,20220829,488000,482522,3,485755,485758,2245,-3233,-3236
MTR_201,20220830,551100,497514,1,500562,500563,50538,-3048,-3049
MTR_201,20220831,706000,668185,-5,683606,683601,22394,-15421,-15416
MTR_201,20220901,431100,416098,1,418766,418767,12334,-2668,-2669
MTR_201,20220902,621000,512308,7,515712,515719,105288,-3404,-3411
MTR_201,20220903,584200,455916,2,459016,459018,125184,-3100,-3102
MTR_201,20220904,73000,52622,-1,52962,52961,20038,-340,-339
MTR_201,20220905,523374,410417,3,408796,408799,114578,1621,1618
MTR_201,20220906,386000,376285,4,378811,378815,7189,-2526,-2530
MTR_201,20220907,556000,528194,4,531728,531732,24272,-3534,-3538
MTR_201,20220908,513125,492572,5,487775,487780,25350,4797,4792
MTR_201,20220909,536000,516279,3,519714,519717,16286,-3435,-3438
MTR_201,20220910,376000,363380,3,375783,375786,217,-12403,-12406
MTR_201,20220912,599000,554003,0,563710,563710,35290,-9707,-9707
MTR_201,20220913,522000,496420,5,499724,499729,22276,-3304,-3309
MTR_201,20220914,388200,375493,2,377952,377954,10248,-2459,-2461
MTR_201,20220915,238000,236296,-1,237861,237860,139,-1565,-1564
MTR_201,20220916,499500,468126,9997,473344,483341,26156,-5218,-15215
MTR_201,20220917,579100,510420,2,513787,513789,65313,-3367,-3369
MTR_201,20220918,33000,32762,2,32978,32980,22,-216,-218
MTR_201,20220919,536200,504561,4,515904,515908,20296,-11343,-11347
MTR_201,20220920,557000,507340,0,510714,510714,46286,-3374,-3374
MTR_201,20220921,534000,530174,-1,533706,533705,294,-3532,-3531
MTR_201,20220922,411000,405077,1,407796,407797,3204,-2719,-2720
MTR_201,20220923,427000,399122,0,401752,401752,25248,-2630,-2630
MTR_201,20220924,294100,267175,2,268895,268897,25205,-1720,-1722
MTR_201,20220926,552000,481531,4,484744,484748,67256,-3213,-3217
MTR_201,20220927,310000,282961,0,284845,284845,25155,-1884,-1884
MTR_201,20220928,224100,219520,28988,220932,249920,3168,-1412,-30400
MTR_201,20220929,206000,183678,-2,184892,184890,21108,-1214,-1212
MTR_201,20220930,225000,198569,4,199882,199886,25118,-1313,-1317
MTR_201,20221001,350100,337667,164232,334316,498548,15784,3351,-160881
MTR_201,20221004,532000,500347,192962,503753,696715,28247,-3406,-196368
MTR_201,20221005,376000,357444,18983,359798,378781,16202,-2354,-21337
MTR_201,20221006,362000,333360,1,335781,335782,26219,-2421,-2422
MTR_201,20221007,432100,428110,96031,439788,535819,-7688,-11678,-107709
MTR_201,20221008,417100,399426,-2,399407,399405,17693,19,21
MTR_201,20221010,323000,280398,7002,301835,308837,21165,-21437,-28439
MTR_201,20221011,374200,340109,-1,323933,323932,50267,16176,16177
MTR_201,20221012,485000,480728,1,484758,484759,242,-4030,-4031
MTR_201,20221013,554000,511461,2,515725,515727,38275,-4264,-4266
MTR_201,20221014,734000,679997,6,685622,685628,48378,-5625,-5631
MTR_201,20221015,553100,520084,3,528785,528788,24315,-8701,-8704
MTR_201,20221017,477100,461499,45969,467742,513711,9358,-6243,-52212
MTR_201,20221018,451000,421174,3,418892,418895,32108,2282,2279
MTR_201,20221019,398000,351331,3,355765,355768,42235,-4434,-4437
MTR_201,20221020,49000,48384,434747,48958,483705,42,-574,-435321
MTR_201,20221021,561100,554348,-2,560708,560706,392,-6360,-6358
MTR_201,20221022,358000,335506,1,356767,356768,1233,-21261,-21262
MTR_201,20221024,405100,392085,3,377782,377785,27318,14303,14300
MTR_201,20221025,414100,397112,0,400775,400775,13325,-3663,-3663
MTR_201,20221026,516000,492154,2,496639,496641,19361,-4485,-4487
MTR_201,20221027,561000,553612,2,558704,558706,2296,-5092,-5094
MTR_201,20221028,588000,573614,-1,578658,578657,9342,-5044,-5043
MTR_201,20221029,506000,496545,-4,500725,500721,5275,-4180,-4176
MTR_201,20221030,17000,16856,1,16991,16992,9,-135,-136
MTR_201,20221031,608000,581185,5,575696,575701,32304,5489,5484
MTR_201,20221101,246000,223025,2,233031,233033,12969,-10006,-10008
MTR_201,20221102,397000,375434,1,378767,378768,18233,-3333,-3334
MTR_201,20221103,344000,320070,3,322774,322777,21226,-2704,-2707
MTR_201,20221104,375100,352014,-3,359857,359854,15243,-7843,-7840
MTR_201,20221105,302000,273678,-4,275829,275825,26171,-2151,-2147
MTR_201,20221107,401000,390987,0,392786,392786,8214,-1799,-1799
MTR_201,20221108,294100,287919,0,289877,289877,4223,-1958,-1958
MTR_201,20221109,357100,339696,2,341828,341830,15272,-2132,-2134
MTR_201,20221110,275100,265292,2,266883,266885,8217,-1591,-1593
MTR_201,20221111,422000,412246,6,414734,414740,7266,-2488,-2494
MTR_201,20221112,249000,247383,0,248867,248867,133,-1484,-1484
MTR_201,20221114,339100,299146,2,300840,300842,38260,-1694,-1696
MTR_201,20221115,278100,266108,2,267845,267847,10255,-1737,-1739
MTR_201,20221116,443000,429985,0,432686,432686,10314,-2701,-2701
MTR_201,20221117,399000,370452,-1,372761,372760,26239,-2309,-2308
MTR_201,20221118,477760,459715,5,453721,453726,24039,5994,5989
MTR_201,20221119,380000,355777,-3,357805,357802,22195,-2028,-2025
MTR_201,20221121,438000,435588,3,437756,437759,244,-2168,-2171
MTR_201,20221122,414000,411711,2,413751,413753,249,-2040,-2042
MTR_201,20221123,439000,409777,2,419790,419792,19210,-10013,-10015
MTR_201,20221124,293200,261824,5,262903,262908,30297,-1079,-1084
MTR_201,20221125,484200,458678,2,460767,460769,23433,-2089,-2091
MTR_201,20221126,251100,241708,-3,242838,242835,8262,-1130,-1127
MTR_201,20221128,259200,236958,-2,237966,237964,21234,-1008,-1006
MTR_201,20221129,229100,218071,0,218921,218921,10179,-850,-850
MTR_201,20221130,269200,237176,4,244933,244937,24267,-7757,-7761
MTR_201,20221201,293000,275899,1,276845,276846,16155,-946,-947
MTR_201,20221202,510000,466351,-4,467695,467691,42305,-1344,-1340
MTR_201,20221203,379000,356914,0,357781,357781,21219,-867,-867
MTR_201,20221204,15000,14956,0,14990,14990,10,-34,-34
MTR_201,20221205,424300,421095,2,421831,421833,2469,-736,-738
MTR_201,20221206,435000,427423,1,428741,428742,6259,-1318,-1319
MTR_201,20221207,440000,400484,7,401749,401756,38251,-1265,-1272
MTR_201,20221208,350000,338736,5,339795,339800,10205,-1059,-1064
MTR_201,20221209,315000,274021,0,274853,274853,40147,-832,-832
MTR_201,20221210,264000,217231,-3,217884,217881,46116,-653,-650
MTR_201,20221212,222000,211228,-3,211887,211884,10113,-659,-656
MTR_201,20221213,162000,136430,-3,136909,136906,25091,-479,-476
MTR_201,20221214,274000,123480,3,123922,123925,150078,-442,-445
MTR_201,20221215,332000,107565,2,107936,107938,224064,-371,-373
MTR_201,20221216,633100,427518,0,426607,426607,206493,911,911
MTR_201,20221217,483000,356703,0,357776,357776,125224,-1073,-1073
MTR_201,20221218,76000,17937,1,9158,9159,66842,8779,8778
MTR_201,20221219,666100,385665,0,386825,386825,279275,-1160,-1160
MTR_201,20221220,747000,451374,2,449371,449373,297629,2003,2001
MTR_201,20221221,582100,388787,6,383161,383167,198939,5626,5620
MTR_201,20221222,330000,206313,3,206866,206869,123134,-553,-556
MTR_201,20221223,680100,468595,11,456777,456788,223323,11818,11807
MTR_201,20221224,279000,233274,-1,233884,233883,45116,-610,-609
MTR_201,20221226,474000,319016,2,315142,315144,158858,3874,3872
MTR_201,20221227,580000,547369,3,543844,543847,36156,3525,3522
MTR_201,20221228,414100,408075,1,408783,408784,5317,-708,-709
MTR_201,20221229,702000,547734,4,545429,545433,156571,2305,2301
MTR_201,20221230,672100,520720,-3,527920,527917,144180,-7200,-7197
MTR_201,20221231,244000,234103,1,234860,234861,9140,-757,-758
MTR_201,20230101,36000,17933,0,17992,17992,18008,-59,-59
MTR_201,20230102,450100,443800,5,444703,444708,5397,-903,-908
MTR_201,20230103,449000,422775,3,419411,419414,29589,3364,3361
MTR_201,20230104,73000,72793,1,72957,72958,43,-164,-165
MTR_201,20230105,130000,129634,14990,148965,163955,-18965,-19331,-34321
MTR_201,20230106,489000,407874,5,388656,388661,100344,19218,19213
MTR_201,20230107,251000,232396,4,232939,232943,18061,-543,-547
MTR_201,20230108,31000,30921,0,30993,30993,7,-72,-72
MTR_201,20230109,372000,347031,2,347922,347924,24078,-891,-893
MTR_201,20230110,357000,330981,3,331910,331913,25090,-929,-932
MTR_201,20230111,211000,112650,0,112979,112979,98021,-329,-329
MTR_201,20230112,310000,222343,0,222948,222948,87052,-605,-605
MTR_201,20230113,436000,329808,5,329869,329874,106131,-61,-66
MTR_201,20230114,248000,219763,1,219937,219938,28063,-174,-175
MTR_201,20230115,15000,14985,0,14995,14995,5,-10,-10
MTR_201,20230116,289000,262745,3,265931,265934,23069,-3186,-3189
MTR_201,20230117,409000,365660,2,365909,365911,43091,-249,-251
MTR_201,20230118,208000,207857,-1,207952,207951,48,-95,-94
MTR_201,20230119,283000,257161,4,256916,256920,26084,245,241
MTR_201,20230120,677000,328285,6,325285,325291,351715,3000,2994
MTR_201,20230121,207000,194950,-2,194952,194950,12048,-2,0
MTR_201,20230123,287000,280982,4,280908,280912,6092,74,70
MTR_201,20230124,426000,348036,6,348921,348927,77079,-885,-891
MTR_201,20230125,218000,213161,2,212952,212954,5048,209,207
MTR_201,20230126,292300,272718,4,272131,272135,20169,587,583
MTR_201,20230127,291000,286324,2,285939,285941,5061,385,383
MTR_201,20230128,197000,197341,4,196953,196957,47,388,384
MTR_201,20230130,431000,375486,2,374870,374872,56130,616,614
MTR_201,20230131,278000,261330,2,260913,260915,17087,417,415
MTR_201,20230201,237100,223385,1,223031,223032,14069,354,353
MTR_201,20230202,249000,249276,0,248908,248908,92,368,368
MTR_201,20230203,270000,266315,1,265915,265916,4085,400,399
MTR_201,20230204,159000,155164,3,154947,154950,4053,217,214
MTR_201,20230206,282000,282271,0,281906,281906,94,365,365
MTR_201,20230207,299000,299290,-2,298904,298902,96,386,388
MTR_201,20230208,250000,250344,3003,260932,263935,-10932,-10588,-13591
MTR_201,20230209,373000,335438,1,323879,323880,49121,11559,11558
MTR_201,20230210,277000,261227,2,260906,260908,16094,321,319
MTR_201,20230211,155000,140134,3,139945,139948,15055,189,186
MTR_201,20230213,209000,191162,4,190938,190942,18062,224,220
MTR_201,20230214,425000,155123,1,154943,154944,270057,180,179
MTR_201,20230215,221100,207269,1,213925,213926,7175,-6656,-6657
MTR_201,20230216,374000,374259,0,373918,373918,82,341,341
MTR_201,20230217,438100,392342,2,391930,391932,46170,412,410
MTR_201,20230218,272000,272154,1,271916,271917,84,238,237
MTR_201,20230220,367000,335129,9409,336893,346302,30107,-1764,-11173
MTR_201,20230221,442000,426140,0,415868,415868,26132,10272,10272
MTR_201,20230222,416000,402346,2,402879,402881,13121,-533,-535
MTR_201,20230223,288000,271291,1,275937,275938,12063,-4646,-4647
MTR_201,20230224,439000,437953,0,438839,438839,161,-886,-886
MTR_201,20230225,298000,289389,5,289896,289901,8104,-507,-512
MTR_201,20230226,14000,13975,0,13993,13993,7,-18,-18
MTR_201,20230227,297000,242578,3,242941,242944,54059,-363,-366
MTR_201,20230228,166000,157750,2,157957,157959,8043,-207,-209
MTR_201,20230301,366000,363494,1,363909,363910,2091,-415,-416
MTR_201,20230302,521000,511594,6,511854,511860,9146,-260,-266
MTR_201,20230303,475000,454764,3,454913,454916,20087,-149,-152
MTR_201,20230304,486000,451823,-2,451924,451922,34076,-101,-99
MTR_201,20230306,415000,394892,3,394879,394882,20121,13,10
MTR_201,20230307,364000,335800,3,335917,335920,28083,-117,-120
MTR_201,20230308,464000,340716,3,340898,340901,123102,-182,-185
MTR_201,20230309,299000,284771,-2,284941,284939,14059,-170,-168
MTR_201,20230310,462000,425702,8,425900,425908,36100,-198,-206
MTR_201,20230311,292000,280879,0,280952,280952,11048,-73,-73
MTR_201,20230313,621000,435695,1,434763,434764,186237,932,931
MTR_201,20230314,556100,414747,7,414883,414890,141217,-136,-143
MTR_201,20230315,434000,430655,-2,430899,430897,3101,-244,-242
MTR_201,20230316,290000,289631,-4,287928,287924,2072,1703,1707
MTR_201,20230317,386000,365945,4,370900,370904,15100,-4955,-4959
MTR_201,20230318,205000,196408,-2,196929,196927,8071,-521,-519
MTR_201,20230320,516000,486861,3,488846,488849,27154,-1985,-1988
MTR_201,20230321,490800,470783,4,463839,463843,26961,6944,6940
MTR_201,20230322,557000,501908,4,503872,503876,53128,-1964,-1968
MTR_201,20230323,343100,339714,3,340958,340961,2142,-1244,-1247
MTR_201,20230324,336000,334647,-1,335901,335900,99,-1254,-1253
MTR_201,20230325,149000,140448,2000,152949,154949,-3949,-12501,-14501
MTR_201,20230327,325000,294813,-3,290918,290915,34082,3895,3898
MTR_201,20230328,133000,132495,-1,132971,132970,29,-476,-475
MTR_201,20230329,162000,161407,1,161931,161932,69,-524,-525
MTR_201,20230330,109000,108733,2,108960,108962,40,-227,-229
MTR_201,20230331,168000,154627,3,154946,154949,13054,-319,-322
MTR_201,20230401,343000,334189,7,334898,334905,8102,-709,-716
MTR_201,20230403,396000,373048,4,373875,373879,22125,-827,-831
MTR_201,20230404,344000,330051,2,330902,330904,13098,-851,-853
MTR_201,20230405,940000,392856,4,393888,393892,546112,-1032,-1036
MTR_201,20230406,339000,332058,-1,332908,332907,6092,-850,-849
MTR_201,20230407,344000,323908,1,324937,324938,19063,-1029,-1030
MTR_201,20230408,277000,256176,4,256917,256921,20083,-741,-745
MTR_201,20230410,370000,348896,0,351075,351075,18925,-2179,-2179
MTR_201,20230411,233000,228247,3,228928,228931,4072,-681,-684
MTR_201,20230412,259000,250201,0,250952,250952,8048,-751,-751
MTR_201,20230413,291000,277294,1,277949,277950,13051,-655,-656
MTR_201,20230414,223000,222436,0,222962,222962,38,-526,-526
MTR_201,20230415,169000,168493,2,168950,168952,50,-457,-459
MTR_201,20230417,182100,181105,3,182030,182033,70,-925,-928
MTR_201,20230418,443000,405026,4,406846,406850,36154,-1820,-1824
MTR_201,20230419,322000,320477,-2,321853,321851,147,-1376,-1374
MTR_201,20230420,352000,334282,3,335902,335905,16098,-1620,-1623
MTR_201,20230421,221000,201897,1,207474,207475,13526,-5577,-5578
MTR_201,20230424,194000,180045,2,180929,180931,13071,-884,-886
MTR_201,20230425,171000,143251,-1,145075,145074,25925,-1824,-1823
MTR_201,20230426,275000,264562,-2,265914,265912,9086,-1352,-1350
MTR_201,20230427,241000,223766,4,224926,224930,16074,-1160,-1164
MTR_201,20230428,318000,309278,4,310901,310905,7099,-1623,-1627
MTR_201,20230429,259000,257567,0,258928,258928,72,-1361,-1361
MTR_201,20230430,14000,8950,0,8996,8996,5004,-46,-46
MTR_201,20230501,200000,180974,-2,181955,181953,18045,-981,-979
MTR_201,20230502,474000,431550,9,433881,433890,40119,-2331,-2340
MTR_201,20230503,495100,486321,1,488991,488992,6109,-2670,-2671
MTR_201,20230504,421000,413597,5,414837,414842,6163,-1240,-1245
MTR_201,20230505,409000,396586,4,395880,395884,13120,706,702
MTR_201,20230506,414200,380213,2,384019,384021,30181,-3806,-3808
MTR_201,20230508,442000,401738,-14995,420860,405865,21140,-19122,-4127
MTR_201,20230509,435000,418632,-5,422855,422850,12145,-4223,-4218
MTR_201,20230510,418100,413849,1,417889,417890,211,-4040,-4041
MTR_201,20230511,436000,402944,2,410588,410590,25412,-7644,-7646
MTR_201,20230512,373000,361545,2,364913,364915,8087,-3368,-3370
MTR_201,20230513,203000,201355,2,202930,202932,70,-1575,-1577
MTR_201,20230515,389000,363134,5,369322,369327,19678,-6188,-6193
MTR_201,20230516,527000,512989,-7,516859,516852,10141,-3870,-3863
MTR_201,20230517,459000,440618,0,443899,443899,15101,-3281,-3281
MTR_201,20230518,360000,345415,4,347915,347919,12085,-2500,-2504
MTR_201,20230519,320000,306827,1,308930,308931,11070,-2103,-2104
MTR_201,20230520,323000,320950,-1,322900,322899,100,-1950,-1949
MTR_201,20230522,407000,359825,5,365138,365143,41862,-5313,-5318
MTR_201,20230523,336100,304322,6,305948,305954,30152,-1626,-1632
MTR_201,20230524,323000,320938,-2,322914,322912,86,-1976,-1974
MTR_201,20230525,344000,308234,2,317886,317888,26114,-9652,-9654
MTR_201,20230526,479100,439582,0,447983,447983,31117,-8401,-8401
MTR_201,20230527,360100,354056,0,355960,355960,4140,-1904,-1904
MTR_201,20230529,435000,430517,-5,434868,434863,132,-4351,-4346
MTR_201,20230530,847000,470408,-1,472822,472821,374178,-2414,-2413
MTR_201,20230531,487000,427006,5,429852,429857,57148,-2846,-2851
MTR_201,20230601,358000,339604,0,341890,341890,16110,-2286,-2286
MTR_201,20230602,493000,477591,5,480849,480854,12151,-3258,-3263
MTR_201,20230603,286000,278064,3,279919,279922,6081,-1855,-1858
MTR_201,20230605,420000,391154,5,393907,393912,26093,-2753,-2758
MTR_201,20230606,362000,335547,1,337923,337924,24077,-2376,-2377
MTR_201,20230607,373000,349411,8,351920,351928,21080,-2509,-2517
MTR_201,20230608,269000,264087,1,265953,265954,3047,-1866,-1867
MTR_201,20230609,356000,345864,-1,347931,347930,8069,-2067,-2066
MTR_201,20230610,266000,242822,3,243924,243927,22076,-1102,-1105
MTR_201,20230612,272000,243733,3,258673,258676,13327,-14940,-14943
MTR_201,20230613,240000,213857,0,214935,214935,25065,-1078,-1078
MTR_201,20230614,270000,257545,2,258918,258920,11082,-1373,-1375
MTR_201,20230615,200000,193873,6,194951,194957,5049,-1078,-1084
MTR_201,20230616,423000,420245,3,422907,422910,93,-2662,-2665
MTR_201,20230617,318000,297694,1,299895,299896,18105,-2201,-2202
MTR_201,20230619,328000,270506,9,271909,271918,56091,-1403,-1412
MTR_201,20230620,372000,336099,1,337861,337862,34139,-1762,-1763
MTR_201,20230621,451000,444335,2,446891,446893,4109,-2556,-2558
MTR_201,20230622,370000,355023,1,357896,357897,12104,-2873,-2874
MTR_201,20230623,406000,360945,0,363878,363878,42122,-2933,-2933
MTR_201,20230624,369000,305394,0,315644,315644,53356,-10250,-10250
MTR_201,20230625,64000,63452,0,63986,63986,14,-534,-534
MTR_201,20230626,483000,462941,6,466847,466853,16153,-3906,-3912
MTR_201,20230627,389000,351621,2,354875,354877,34125,-3254,-3256
MTR_201,20230628,458000,380300,13,383777,383790,74223,-3477,-3490
MTR_201,20230630,101000,99945,0,100969,100969,31,-1024,-1024
MTR_201,20230701,108000,106903,0,107976,107976,24,-1073,-1073
MTR_201,20230703,327000,286048,1,286918,286919,40082,-870,-871
MTR_201,20230704,425000,387010,2,390886,390888,34114,-3876,-3878
MTR_201,20230705,369000,331608,2,334897,334899,34103,-3289,-3291
MTR_201,20230706,324000,298952,1,301926,301927,22074,-2974,-2975
MTR_201,20230707,416000,402902,3,406903,406906,9097,-4001,-4004
MTR_201,20230708,296000,288798,1,291884,291885,4116,-3086,-3087
MTR_201,20230709,31000,30678,-1,30984,30983,16,-306,-305
MTR_201,20230710,457000,396852,0,400853,400853,56147,-4001,-4001
MTR_201,20230711,679000,423292,1,431237,431238,247763,-7945,-7946
MTR_201,20230712,403000,361784,6,355880,355886,47120,5904,5898
MTR_201,20230713,507000,363688,-2,373742,373740,133258,-10054,-10052
MTR_201,20230714,453000,411199,-1,422883,422882,30117,-11684,-11683
MTR_201,20230715,316000,292248,-4,301075,301071,14925,-8827,-8823
MTR_201,20230716,17000,16840,0,16997,16997,3,-157,-157
MTR_201,20230717,735000,487103,4,491941,491945,243059,-4838,-4842
MTR_201,20230718,469100,421978,2,432918,432920,36182,-10940,-10942
MTR_201,20230719,273100,263908,1,266964,266965,6136,-3056,-3057
MTR_202,20210927,92200,91440,0,200803,200803,-108603,-109363,-109363
MTR_202,20210928,185100,183530,-2,180875,180873,4225,2655,2657
MTR_202,20210929,165200,162760,1,163939,163940,1261,-1179,-1180
MTR_202,20210930,248000,211045,-1,185483,185482,62517,25562,25563
MTR_202,20211001,99200,79430,1,85038,85039,14162,-5608,-5609
MTR_202,20211002,77000,76266,0,76875,76875,125,-609,-609
MTR_202,20211003,33100,32784,-1,33020,33019,80,-236,-235
MTR_202,20211004,166000,164420,-1,165709,165708,291,-1289,-1288
MTR_202,20211005,171200,134901,0,136047,136047,35153,-1146,-1146
MTR_202,20211006,187100,163512,-1,164857,164856,22243,-1345,-1344
MTR_202,20211007,83100,76353,-1,76901,76900,6199,-548,-547
MTR_202,20211008,119000,117854,0,118815,118815,185,-961,-961
MTR_202,20211009,65000,64363,0,64860,64860,140,-497,-497
MTR_202,20211010,127100,96119,1,97055,97056,30045,-936,-937
MTR_202,20211011,280000,243532,0,245639,245639,34361,-2107,-2107
MTR_202,20211012,69000,64353,1,64850,64851,4150,-497,-498
MTR_202,20211013,65000,64333,96853,64870,161723,130,-537,-97390
MTR_202,20211014,118100,116909,109900,117978,227878,122,-1069,-110969
MTR_202,20211015,236200,216063,-2,217750,217748,18450,-1687,-1685
MTR_202,20211016,42000,34672,-1,34902,34901,7098,-230,-229
MTR_202,20211017,107200,106192,-2,107020,107018,180,-828,-826
MTR_202,20211018,175100,174233,1,174737,174738,363,-504,-505
MTR_202,20211019,112180,111574,0,112064,112064,116,-490,-490
MTR_202,20211020,79060,78571,0,78978,78978,82,-407,-407
MTR_202,20211021,205100,184939,-1,185845,185844,19255,-906,-905
MTR_202,20211022,177100,176014,1,176862,176863,238,-848,-849
MTR_202,20211023,37000,36783,-2,36896,36894,104,-113,-111
MTR_202,20211024,96300,95591,0,96086,96086,214,-495,-495
MTR_202,20211025,238300,201002,1,201956,201957,36344,-954,-955
MTR_202,20211026,174200,173056,-2,173936,173934,264,-880,-878
MTR_202,20211027,167200,163091,2,163923,163925,3277,-832,-834
MTR_202,20211028,319200,223661,-1,224857,224856,94343,-1196,-1195
MTR_202,20211029,205200,203778,1,204937,204938,263,-1159,-1160
MTR_202,20211030,89000,83404,0,83790,83790,5210,-386,-386
MTR_202,20211031,64070,63578,-1,64052,64051,18,-474,-473
MTR_202,20211101,184200,176823,1,177960,177961,6240,-1137,-1138
MTR_202,20211102,128200,124263,-1,124980,124979,3220,-717,-716
MTR_202,20211103,130200,129279,1,129988,129989,212,-709,-710
MTR_202,20211104,153200,132324,-2,132983,132981,20217,-659,-657
MTR_202,20211105,140350,134408,-1,134906,134905,5444,-498,-497
MTR_202,20211106,47000,46750,1,46903,46904,97,-153,-154
MTR_202,20211107,148300,99795,2,100047,100049,48253,-252,-254
MTR_202,20211108,207300,190456,1,190953,190954,16347,-497,-498
MTR_202,20211109,90100,89701,0,89966,89966,134,-265,-265
MTR_202,20211110,88000,87621,1,87911,87912,89,-290,-291
MTR_202,20211111,160200,145593,-1,145920,145919,14280,-327,-326
MTR_202,20211112,307200,228250,0,228863,228863,78337,-613,-613
MTR_202,20211113,50000,44823,-2,47892,47890,2108,-3069,-3067
MTR_202,20211114,165100,130528,0,131001,131001,34099,-473,-473
MTR_202,20211115,144100,140515,-2,137935,137933,6165,2580,2582
MTR_202,20211116,171000,170306,-1,170796,170795,204,-490,-489
MTR_202,20211117,265100,244127,1,244765,244766,20335,-638,-639
MTR_202,20211118,112100,111695,0,111938,111938,162,-243,-243
MTR_202,20211119,150100,149563,2,149893,149895,207,-330,-332
MTR_202,20211120,22000,21921,-2,21952,21950,48,-31,-29
MTR_202,20211121,131160,130723,0,131072,131072,88,-349,-349
MTR_202,20211122,174200,166680,0,166891,166891,7309,-211,-211
MTR_202,20211123,133200,132838,-2,132932,132930,268,-94,-92
MTR_202,20211124,159854,156550,1,156436,156437,3418,114,113
MTR_202,20211125,61100,60945,-1,60953,60952,147,-8,-7
MTR_202,20211126,186850,179426,-1,179608,179607,7242,-182,-181
MTR_202,20211127,43000,29941,-2,31172,31170,11828,-1231,-1229
MTR_202,20211128,96100,95973,0,95985,95985,115,-12,-12
MTR_202,20211129,129200,115081,1,114961,114962,14239,120,119
MTR_202,20211130,114300,109161,0,109038,109038,5262,123,123
MTR_202,20211201,172200,172070,-2,171912,171910,288,158,160
MTR_202,20211202,194300,189188,1,188962,188963,5338,226,225
MTR_202,20211203,152200,150161,1,149989,149990,2211,172,171
MTR_202,20211204,58000,57998,1,57874,57875,126,124,123
MTR_202,20211205,100100,67092,0,67035,67035,33065,57,57
MTR_202,20211206,99000,98997,0,98872,98872,128,125,125
MTR_202,20211207,143100,143123,-1,142880,142879,220,243,244
MTR_202,20211208,155000,155000,-1,154831,154830,169,169,170
MTR_202,20211209,197200,186229,2,185967,185969,11233,262,260
MTR_202,20211210,110856,96531,-1,96266,96265,14590,265,266
MTR_202,20211211,66000,57999,1,57868,57869,8132,131,130
MTR_202,20211212,262300,164260,1,164102,164103,98198,158,157
MTR_202,20211213,140200,140141,2,140002,140004,198,139,137
MTR_202,20211214,41000,35983,-2,35909,35907,5091,74,76
MTR_202,20211215,55000,54966,-1,54863,54862,137,103,104
MTR_202,20211216,28000,27981,0,27925,27925,75,56,56
MTR_202,20211217,136000,59954,1,59718,59719,76282,236,235
MTR_202,20211218,88000,62948,-2,62827,62825,25173,121,123
MTR_202,20211219,130200,130074,0,130038,130038,162,36,36
MTR_202,20211220,153100,149945,1,149837,149838,3263,108,107
MTR_202,20211221,363200,287911,0,287753,287753,75447,158,158
MTR_202,20211222,189200,188985,-2,188754,188752,446,231,233
MTR_202,20211223,321200,312848,-1,312744,312743,8456,104,105
MTR_202,20211224,390386,259118,2,258927,258929,131459,191,189
MTR_202,20211225,48000,44948,1,45728,45729,2272,-780,-781
MTR_202,20211226,165300,131080,1,131110,131111,34190,-30,-31
MTR_202,20211227,274100,270588,1,270677,270678,3423,-89,-90
MTR_202,20211228,195200,187762,1,187864,187865,7336,-102,-103
MTR_202,20211229,177200,158826,0,158973,158973,18227,-147,-147
MTR_202,20211230,172260,171915,-2,171950,171948,310,-35,-33
MTR_202,20211231,85000,80880,0,80793,80793,4207,87,87
MTR_202,20220101,93000,82906,2996,82944,85940,10056,-38,-3034
MTR_202,20220102,161200,131076,0,131101,131101,30099,-25,-25
MTR_202,20220103,132100,127043,-3,126863,126860,5237,180,183
MTR_202,20220104,135300,130244,0,129993,129993,5307,251,251
MTR_202,20220105,178300,148162,-2,147969,147967,30331,193,195
MTR_202,20220106,131100,131101,-3,130831,130828,269,270,273
MTR_202,20220107,115100,115115,-2,114890,114888,210,225,227
MTR_202,20220108,74000,64011,0,63874,63874,10126,137,137
MTR_202,20220109,63170,63190,0,63083,63083,87,107,107
MTR_202,20220110,95100,86088,1,85936,85937,9164,152,151
MTR_202,20220111,128240,98198,-1,98029,98028,30211,169,170
MTR_202,20220112,86070,85987,1,85951,85952,119,36,35
MTR_202,20220113,202100,136978,-1,135835,135834,66265,1143,1144
MTR_202,20220114,135200,135998,-1,134990,134989,210,1008,1009
MTR_202,20220115,74000,69364,0,70654,70654,3346,-1290,-1290
MTR_202,20220116,67100,67409,0,67002,67002,98,407,407
MTR_202,20220117,110200,103637,1,107022,107023,3178,-3385,-3386
MTR_202,20220118,113100,113513,2,112916,112918,184,597,595
MTR_202,20220119,138170,138643,1,138007,138008,163,636,635
MTR_202,20220120,61000,44140,-1,43909,43908,17091,231,232
MTR_202,20220121,122200,122549,2,121913,121915,287,636,634
MTR_202,20220122,38000,38098,1,37914,37915,86,184,183
MTR_202,20220123,86000,86192,1,51992,51993,34008,34200,34199
MTR_202,20220124,156300,156615,0,156048,156048,252,567,567
MTR_202,20220125,100100,100298,-1,99959,99958,141,339,340
MTR_202,20220126,170100,128336,1,127912,127913,42188,424,423
MTR_202,20220127,93100,77212,0,76904,76904,16196,308,308
MTR_202,20220128,156100,142283,1,141858,141859,14242,425,424
MTR_202,20220129,128000,89098,0,88856,88856,39144,242,242
MTR_202,20220130,67200,67254,-1,67090,67089,110,164,165
MTR_202,20220131,99100,78157,4,83064,83068,16036,-4907,-4911
MTR_202,20220201,164100,150189,-1,149917,149916,14183,272,273
MTR_202,20220202,238000,63028,-3,36507,36504,201493,26521,26524
MTR_202,20220203,51000,34015,0,34065,34065,16935,-50,-50
MTR_202,20220204,159100,126135,1,133145,133146,25955,-7010,-7011
MTR_202,20220205,122100,67114,4,66964,66968,55136,150,146
MTR_202,20220206,33000,33005,-1,32977,32976,23,28,29
MTR_202,20220207,130100,118098,2,117930,117932,12170,168,166
MTR_202,20220208,172100,107089,1,106971,106972,65129,118,117
MTR_202,20220209,151983,128966,0,126898,126898,25085,2068,2068
MTR_202,20220210,146200,139160,1,138967,138968,7233,193,192
MTR_202,20220211,128000,85984,0,85892,85892,42108,92,92
MTR_202,20220212,53000,48994,1,48897,48898,4103,97,96
MTR_202,20220213,101100,101059,0,101008,101008,92,51,51
MTR_202,20220214,378400,255322,5,254935,254940,123465,387,382
MTR_202,20220215,141000,109971,0,109760,109760,31240,211,211
MTR_202,20220216,164300,151275,3,150991,150994,13309,284,281
MTR_202,20220217,233400,176315,5,176033,176038,57367,282,277
MTR_202,20220218,146100,122060,4,121832,121836,24268,228,224
MTR_202,20220219,113000,65970,4,65838,65842,47162,132,128
MTR_202,20220220,75100,63070,2,63022,63024,12078,48,46
MTR_202,20220221,120100,120011,0,119913,119913,187,98,98
MTR_202,20220222,119200,119105,-1,118973,118972,227,132,133
MTR_202,20220223,165100,155907,-4,155907,155903,9193,0,4
MTR_202,20220224,127000,126865,0,126832,126832,168,33,33
MTR_202,20220225,201460,191269,-2,191178,191176,10282,91,93
MTR_202,20220226,91000,90929,0,90880,90880,120,49,49
MTR_202,20220227,96200,96158,0,96108,96108,92,50,50
MTR_202,20220228,174100,166040,0,165926,165926,8174,114,114
MTR_202,20220301,207300,205081,-3,201901,201898,5399,3180,3183
MTR_202,20220302,158000,150801,0,150806,150806,7194,-5,-5
MTR_202,20220303,95000,94878,2,94872,94874,128,6,4
MTR_202,20220304,165200,159054,1,158862,158863,6338,192,191
MTR_202,20220305,77000,76951,0,76799,76799,201,152,152
MTR_202,20220306,72100,72061,1,72022,72023,78,39,38
MTR_202,20220307,213200,199131,3,198838,198841,14362,293,290
MTR_202,20220308,233200,229101,0,228779,228779,4421,322,322
MTR_202,20220309,211000,197899,2,197676,197678,13324,223,221
MTR_202,20220310,296200,268971,-4,268791,268787,27409,180,184
MTR_202,20220311,226100,218925,0,218796,218796,7304,129,129
MTR_202,20220312,179100,174918,0,174846,174846,4254,72,72
MTR_202,20220314,271100,270929,-3,270653,270650,447,276,279
MTR_202,20220315,227100,212055,3,211672,211675,15428,383,380
MTR_202,20220316,264200,251260,2,250787,250789,13413,473,471
MTR_202,20220317,200100,198165,-1,197766,197765,2334,399,400
MTR_202,20220318,173200,167221,0,166825,166825,6375,396,396
MTR_202,20220319,93000,75004,-3,74830,74827,18170,174,177
MTR_202,20220320,96200,96177,0,96072,96072,128,105,105
MTR_202,20220321,186000,177934,2,177726,177728,8274,208,206
MTR_202,20220322,177100,173016,1,172837,172838,4263,179,178
MTR_202,20220323,104100,104038,1,103876,103877,224,162,161
MTR_202,20220324,237200,204138,0,203938,203938,33262,200,200
MTR_202,20220325,117200,102206,3,102022,102025,15178,184,181
MTR_202,20220326,51000,51008,1,50887,50888,113,121,120
MTR_202,20220327,163100,163069,0,162980,162980,120,89,89
MTR_202,20220328,174100,174023,1,173855,173856,245,168,167
MTR_202,20220329,199200,193096,-5,192920,192915,6280,176,181
MTR_202,20220330,153100,153015,0,152815,152815,285,200,200
MTR_202,20220331,243200,213068,1,212864,212865,30336,204,203
MTR_202,20220401,177100,176932,1,176862,176863,238,70,69
MTR_202,20220402,106000,105942,1,105820,105821,180,122,121
MTR_202,20220404,60000,59994,230637,59944,290581,56,50,-230587
MTR_202,20220405,122100,122185,0,121918,121918,182,267,267
MTR_202,20220406,125100,92155,0,92009,92009,33091,146,146
MTR_202,20220407,179100,179161,2,178854,178856,246,307,305
MTR_202,20220408,136100,134103,1,133958,133959,2142,145,144
MTR_202,20220409,56100,56093,1,55931,55932,169,162,161
MTR_202,20220410,76200,63129,0,63076,63076,13124,53,53
MTR_202,20220411,157100,116916,0,116932,116932,40168,-16,-16
MTR_202,20220412,84200,84052,0,83982,83982,218,70,70
MTR_202,20220413,138100,127887,-1,127917,127916,10183,-30,-29
MTR_202,20220414,58000,57897,0,57890,57890,110,7,7
MTR_202,20220415,176200,168801,-4,168963,168959,7237,-162,-158
MTR_202,20220416,69000,62843,1,62860,62861,6140,-17,-18
MTR_202,20220417,67100,66872,-1,67012,67011,88,-140,-139
MTR_202,20220418,197400,193675,-1,194056,194055,3344,-381,-380
MTR_202,20220419,116100,102708,1,105977,105978,10123,-3269,-3270
MTR_202,20220420,142200,129740,1,126663,126664,15537,3077,3076
MTR_202,20220421,313200,277230,2,277777,277779,35423,-547,-549
MTR_202,20220422,34000,33896,0,33910,33910,90,-14,-14
MTR_202,20220423,64200,63806,0,64121,64121,79,-315,-315
MTR_202,20220424,124200,123465,0,123929,123929,271,-464,-464
MTR_202,20220425,117000,106387,0,106824,106824,10176,-437,-437
MTR_202,20220426,175000,171998,2,172721,172723,2279,-723,-725
MTR_202,20220427,182100,151217,-2,151872,151870,30228,-655,-653
MTR_202,20220428,193100,157180,2,157927,157929,35173,-747,-749
MTR_202,20220429,86000,80533,-2,80803,80801,5197,-270,-268
MTR_202,20220501,180100,29924,1,30076,30077,150024,-152,-153
MTR_202,20220503,83100,82617,1,82978,82979,122,-361,-362
MTR_202,20220504,153100,118410,0,118899,118899,34201,-489,-489
MTR_202,20220505,214100,210869,0,211893,211893,2207,-1024,-1024
MTR_202,20220506,157100,152212,2,152921,152923,4179,-709,-711
MTR_202,20220507,158000,157084,1,90839,90840,67161,66245,66244
MTR_202,20220508,132200,98622,0,99019,99019,33181,-397,-397
MTR_202,20220509,233200,220910,-3,221795,221792,11405,-885,-882
MTR_202,20220510,218300,176267,0,177058,177058,41242,-791,-791
MTR_202,20220511,124100,119404,-1,119833,119832,4267,-429,-428
MTR_202,20220512,190300,189192,0,189891,189891,409,-699,-699
MTR_202,20220513,190300,189195,-1,189942,189941,358,-747,-746
MTR_202,20220514,162000,161064,1,161684,161685,316,-620,-621
MTR_202,20220515,30100,29924,0,30068,30068,32,-144,-144
MTR_202,20220516,146100,141272,1,141922,141923,4178,-650,-651
MTR_202,20220517,137200,131432,1,131979,131980,5221,-547,-548
MTR_202,20220518,164200,163248,-1,163930,163929,270,-682,-681
MTR_202,20220519,216000,133224,1,133799,133800,82201,-575,-576
MTR_202,20220520,200200,185118,-1,185836,185835,14364,-718,-717
MTR_202,20220521,61100,50805,1,50937,50938,10163,-132,-133
MTR_202,20220522,112300,96732,1,97151,97152,15149,-419,-420
MTR_202,20220523,181961,180904,-2,181651,181649,310,-747,-745
MTR_202,20220524,150210,111558,1,112020,112021,38190,-462,-463
MTR_202,20220525,91100,90571,-1,90898,90897,202,-327,-326
MTR_202,20220526,174100,151215,2,151924,151926,22176,-709,-711
MTR_202,20220527,138000,129245,-2,129779,129777,8221,-534,-532
MTR_202,20220528,73000,56670,1,56882,56883,16118,-212,-213
MTR_202,20220529,64100,63726,0,64073,64073,27,-347,-347
MTR_202,20220530,219200,208978,0,209817,209817,9383,-839,-839
MTR_202,20220531,51000,50705,2,50890,50892,110,-185,-187
MTR_202,20220601,308300,237908,1,238827,238828,69473,-919,-920
MTR_202,20220602,335460,164499,1,164974,164975,170486,-475,-476
MTR_202,20220603,175100,172097,-1,172768,172767,2332,-671,-670
MTR_202,20220604,89400,88780,1,88921,88922,479,-141,-142
MTR_202,20220605,68200,67802,0,68098,68098,102,-296,-296
MTR_202,20220606,196400,195256,2,196001,196003,399,-745,-747
MTR_202,20220607,167100,166129,-1,166859,166858,241,-730,-729
MTR_202,20220608,247200,215937,0,216766,216766,30434,-829,-829
MTR_202,20220609,98100,89578,-1,89897,89896,8203,-319,-318
MTR_202,20220610,138100,137297,-2,137817,137815,283,-520,-518
MTR_202,20220611,62000,61642,1,61843,61844,157,-201,-202
MTR_202,20220612,63200,62831,-1,63132,63131,68,-301,-300
MTR_202,20220613,180100,168119,-1,168771,168770,11329,-652,-651
MTR_202,20220614,153100,118406,2,118917,118919,34183,-511,-513
MTR_202,20220615,70100,69694,29989,69909,99898,191,-215,-30204
MTR_202,20220616,219200,188098,-19010,178069,159059,41131,10029,29039
MTR_202,20220617,37100,36883,0,36942,36942,158,-59,-59
MTR_202,20220618,78000,70588,1,70847,70848,7153,-259,-260
MTR_202,20220619,66000,32808,-1,32992,32991,33008,-184,-183
MTR_202,20220620,86000,85501,-1,95783,95782,-9783,-10282,-10281
MTR_202,20220621,151100,150222,0,152814,152814,-1714,-2592,-2592
MTR_202,20220622,107200,102602,-1,101920,101919,5280,682,683
MTR_202,20220623,90200,89576,0,89875,89875,325,-299,-299
MTR_202,20220624,161100,127357,1,127797,127798,33303,-440,-441
MTR_202,20220625,43200,42948,0,43053,43053,147,-105,-105
MTR_202,20220626,68000,33802,1,33992,33993,34008,-190,-191
MTR_202,20220627,141100,129345,3,129809,129812,11291,-464,-467
MTR_202,20220628,163100,152208,0,152799,152799,10301,-591,-591
MTR_202,20220629,80100,79633,1,77817,77818,2283,1816,1815
MTR_202,20220630,71000,66612,0,66828,66828,4172,-216,-216
MTR_202,20220701,64000,63631,1,60828,60829,3172,2803,2802
MTR_202,20220702,67100,66711,-2,66833,66831,267,-122,-120
MTR_202,20220704,93000,92461,0,92811,92811,189,-350,-350
MTR_202,20220705,43000,42751,0,36900,36900,6100,5851,5851
MTR_202,20220706,100000,99421,0,99809,99809,191,-388,-388
MTR_202,20220707,104000,98427,0,98838,98838,5162,-411,-411
MTR_202,20220708,145100,132327,0,132839,132839,12261,-512,-512
MTR_202,20220709,71000,70586,-1,70854,70853,146,-268,-267
MTR_202,20220711,18000,17896,0,17955,17955,45,-59,-59
MTR_202,20220712,53000,52693,0,52935,52935,65,-242,-242
MTR_202,20220713,105000,71581,2,71910,71912,33090,-329,-331
MTR_202,20220714,56000,55678,1,55859,55860,141,-181,-182
MTR_202,20220715,73100,72675,1,72964,72965,136,-289,-290
MTR_202,20220716,158000,139185,2,139678,139680,18322,-493,-495
MTR_202,20220717,39100,38872,0,39048,39048,52,-176,-176
MTR_202,20220718,193000,179950,2,180643,180645,12357,-693,-695
MTR_202,20220719,78100,77648,-2,77930,77928,170,-282,-280
MTR_202,20220720,118200,117514,0,117793,117793,407,-279,-279
MTR_202,20220721,118100,117415,3991,117893,121884,207,-478,-4469
MTR_202,20220722,91100,84606,0,84839,84839,6261,-233,-233
MTR_202,20220723,108100,103498,-1,103746,103745,4354,-248,-247
MTR_202,20220725,142000,127260,-2,127785,127783,14215,-525,-523
MTR_202,20220726,130000,120300,-1,120765,120764,9235,-465,-464
MTR_202,20220727,111100,110455,1,110828,110829,272,-373,-374
MTR_202,20220728,53200,52889,-2,52949,52947,251,-60,-58
MTR_202,20220729,118100,112442,-1,112839,112838,5261,-397,-396
MTR_202,20220730,32000,31816,-1,31905,31904,95,-89,-88
MTR_202,20220731,33100,32907,-1,33024,33023,76,-117,-116
MTR_202,20220801,91000,90473,-1,90843,90842,157,-370,-369
MTR_202,20220802,139000,135210,0,135707,135707,3293,-497,-497
MTR_202,20220803,234100,197943,2,198664,198666,35436,-721,-723
MTR_202,20220804,113300,106676,0,106943,106943,6357,-267,-267
MTR_202,20220805,139100,133323,1,133797,133798,5303,-474,-475
MTR_202,20220806,129000,128252,-5,128647,128642,353,-395,-390
MTR_202,20220807,40100,39867,0,40017,40017,83,-150,-150
MTR_202,20220808,150100,144258,1,144800,144801,5300,-542,-543
MTR_202,20220809,114000,80530,-2,80782,80780,33218,-252,-250
MTR_202,20220810,148100,143264,0,143786,143786,4314,-522,-522
MTR_202,20220811,140200,136404,2,136823,136825,3377,-419,-421
MTR_202,20220812,179100,131332,-1,131872,131871,47228,-540,-539
MTR_202,20220813,70000,69594,1,69812,69813,188,-218,-219
MTR_202,20220814,48100,47821,1,45026,45027,3074,2795,2794
MTR_202,20220815,144200,139386,-1,139852,139851,4348,-466,-465
MTR_202,20220816,244314,233949,2,234604,234606,9710,-655,-657
MTR_202,20220817,128100,127357,1,127759,127760,341,-402,-403
MTR_202,20220818,112000,105386,4,105791,105795,6209,-405,-409
MTR_202,20220819,195400,180347,-3,180849,180846,14551,-502,-499
MTR_202,20220820,75200,66811,1,66890,66891,8310,-79,-80
MTR_202,20220821,33100,32907,1,33063,33064,37,-156,-157
MTR_202,20220822,149000,140183,-1,140760,140759,8240,-577,-576
MTR_202,20220823,129100,128353,2,128734,128736,366,-381,-383
MTR_202,20220824,103100,98524,1,98881,98882,4219,-357,-358
MTR_202,20220825,144100,143266,-2,143690,143688,410,-424,-422
MTR_202,20220826,88000,87489,2,87776,87778,224,-287,-289
MTR_202,20220827,76000,64625,2,64809,64811,11191,-184,-186
MTR_202,20220828,7100,7058,0,7011,7011,89,47,47
MTR_202,20220829,137200,136405,1,136806,136807,394,-401,-402
MTR_202,20220830,94100,85599,2,85893,85895,8207,-294,-296
MTR_202,20220831,89100,85599,0,85774,85774,3326,-175,-175
MTR_202,20220901,52000,45734,-1,45878,45877,6122,-144,-143
MTR_202,20220902,135100,128352,2,128794,128796,6306,-442,-444
MTR_202,20220903,158000,131236,2,131722,131724,26278,-486,-488
MTR_202,20220904,16000,11931,-1,11963,11962,4037,-32,-31
MTR_202,20220905,157100,123380,0,123840,123840,33260,-460,-460
MTR_202,20220906,126100,125366,1,125786,125787,314,-420,-421
MTR_202,20220907,123000,106382,0,106725,106725,16275,-343,-343
MTR_202,20220908,127100,126358,1,126845,126846,255,-487,-488
MTR_202,20220909,115300,108568,0,108852,108852,6448,-284,-284
MTR_202,20220910,61000,57664,-2,57855,57853,3145,-191,-189
MTR_202,20220912,79000,72578,-1,72795,72794,6205,-217,-216
MTR_202,20220913,112100,108467,-3,108895,108892,3205,-428,-425
MTR_202,20220914,94100,90572,1,90931,90932,3169,-359,-360
MTR_202,20220915,77100,76654,-1,76982,76981,118,-328,-327
MTR_202,20220916,95230,87716,0,108481,108481,-13251,-20765,-20765
MTR_202,20220917,228555,162607,2,140192,140194,88363,22415,22413
MTR_202,20220918,38100,37878,0,38030,38030,70,-152,-152
MTR_202,20220919,218200,178158,-1,178807,178806,39393,-649,-648
MTR_202,20220920,146100,137302,-1,137785,137784,8315,-483,-482
MTR_202,20220921,195000,171996,-2,172669,172667,22331,-673,-671
MTR_202,20220922,215100,213850,-2,214712,214710,388,-862,-860
MTR_202,20220923,99100,88583,0,88918,88918,10182,-335,-335
MTR_202,20220924,40000,39768,-1,39906,39905,94,-138,-137
MTR_202,20220925,33100,32907,0,33076,33076,24,-169,-169
MTR_202,20220926,93100,85600,1,85894,85895,7206,-294,-295
MTR_202,20220927,84100,79636,2,79878,79880,4222,-242,-244
MTR_202,20220928,63100,62735,-1,62979,62978,121,-244,-243
MTR_202,20220929,52000,51698,1,51907,51908,93,-209,-210
MTR_202,20220930,75100,65717,-1,65887,65886,9213,-170,-169
MTR_202,20221001,144000,88484,50910,88765,139675,55235,-281,-51191
MTR_202,20221004,241200,199166,157619,200845,358464,40355,-1679,-159298
MTR_202,20221005,159300,151752,2991,152970,155961,6330,-1218,-4209
MTR_202,20221006,142100,131730,-1,132878,132877,9222,-1148,-1147
MTR_202,20221007,131000,48492,51933,56855,108788,74145,-8363,-60296
MTR_202,20221008,53000,48505,-1,40879,40878,12121,7626,7627
MTR_202,20221009,71200,65511,-1,66148,66147,5052,-637,-636
MTR_202,20221010,117100,95138,1,95903,95904,21197,-765,-766
MTR_202,20221011,148100,107988,0,108885,108885,39215,-897,-897
MTR_202,20221012,135300,134299,3,134830,134833,470,-531,-534
MTR_202,20221013,187100,141028,2,141745,141747,45355,-717,-719
MTR_202,20221014,88000,76432,0,76836,76836,11164,-404,-404
MTR_202,20221015,234200,200719,0,201782,201782,32418,-1063,-1063
MTR_202,20221017,108100,67569,42967,67942,110909,40158,-373,-43340
MTR_202,20221018,173300,138266,1,137086,137087,36214,1180,1179
MTR_202,20221019,32000,28786,0,28937,28937,3063,-151,-151
MTR_202,20221020,47100,46722,79936,47030,126966,70,-308,-80244
MTR_202,20221021,45000,44674,0,44916,44916,84,-242,-242
MTR_202,20221022,98000,97306,1,101810,101811,-3810,-4504,-4505
MTR_202,20221023,33100,32828,0,33052,33052,48,-224,-224
MTR_202,20221024,67000,66526,0,62927,62927,4073,3599,3599
MTR_202,20221025,15000,14901,0,14969,14969,31,-68,-68
MTR_202,20221026,144200,127274,0,127916,127916,16284,-642,-642
MTR_202,20221027,100100,96398,-2,96891,96889,3209,-493,-491
MTR_202,20221028,160100,158974,1,159766,159767,334,-792,-793
MTR_202,20221029,84000,59580,-1,59864,59863,24136,-284,-283
MTR_202,20221031,220200,215717,0,216888,216888,3312,-1171,-1171
MTR_202,20221101,51200,48858,0,49058,49058,2142,-200,-200
MTR_202,20221102,53100,52749,2,53009,53011,91,-260,-262
MTR_202,20221103,54100,53751,1,54024,54025,76,-273,-274
MTR_202,20221104,136100,100474,1,100985,100986,35115,-511,-512
MTR_202,20221105,49000,44717,0,44917,44917,4083,-200,-200
MTR_202,20221106,33100,32902,0,33059,33059,41,-157,-157
MTR_202,20221107,174200,108572,4,109010,109014,65190,-438,-442
MTR_202,20221108,140300,105684,1,106075,106076,34225,-391,-392
MTR_202,20221109,82200,81725,-1,81940,81939,260,-215,-214
MTR_202,20221110,88000,72621,-1,72919,72918,15081,-298,-297
MTR_202,20221111,130100,75713,1,75926,75927,54174,-213,-214
MTR_202,20221112,40000,39800,1,39913,39914,87,-113,-114
MTR_202,20221113,67200,66866,-1,67126,67125,74,-260,-259
MTR_202,20221114,88100,57816,1,58015,58016,30085,-199,-200
MTR_202,20221115,140100,139397,-1,139922,139921,178,-525,-524
MTR_202,20221116,88100,87670,-1,87932,87931,168,-262,-261
MTR_202,20221117,143000,107476,-3,107827,107824,35173,-351,-348
MTR_202,20221118,160000,81628,5,81941,81946,78059,-313,-318
MTR_202,20221119,45100,33963,1,39347,39348,5753,-5384,-5385
MTR_202,20221120,33100,32983,0,33064,33064,36,-81,-81
MTR_202,20221121,111100,106730,-1,106877,106876,4223,-147,-146
MTR_202,20221122,115100,114707,-1,114961,114960,139,-254,-253
MTR_202,20221123,85100,80817,-1,80928,80927,4172,-111,-110
MTR_202,20221124,69100,60894,0,60997,60997,8103,-103,-103
MTR_202,20221125,70100,69738,1,69935,69936,165,-197,-198
MTR_202,20221126,18000,15920,-1,15946,15945,2054,-26,-25
MTR_202,20221127,33100,32937,-1,33060,33059,40,-123,-122
MTR_202,20221128,107000,69680,-1,69890,69889,37110,-210,-209
MTR_202,20221129,138400,134832,-1,135093,135092,3307,-261,-260
MTR_202,20221130,25000,24906,0,24918,24918,82,-12,-12
MTR_202,20221201,45200,45046,0,45085,45085,115,-39,-39
MTR_202,20221202,154100,113740,1,113849,113850,40251,-109,-110
MTR_202,20221203,116300,102012,3,101976,101979,14324,36,33
MTR_202,20221205,195200,112905,4,112996,113000,82204,-91,-95
MTR_202,20221206,74100,73915,-1,73958,73957,142,-43,-42
MTR_202,20221207,51000,47879,-1,47883,47882,3117,-4,-3
MTR_202,20221208,62100,61931,-1,61992,61991,108,-61,-60
MTR_202,20221209,125100,115772,0,115933,115933,9167,-161,-161
MTR_202,20221210,38000,28916,-1,28926,28925,9074,-10,-9
MTR_202,20221211,64200,64039,0,64076,64076,124,-37,-37
MTR_202,20221212,160200,100937,-1,100963,100962,59237,-26,-25
MTR_202,20221213,127000,92726,0,92942,92942,34058,-216,-216
MTR_202,20221214,119100,84828,0,85012,85012,34088,-184,-184
MTR_202,20221215,70100,35001,0,35073,35073,35027,-72,-72
MTR_202,20221216,179200,178768,0,178855,178855,345,-87,-87
MTR_202,20221217,52100,45989,-1,45926,45925,6174,63,64
MTR_202,20221218,34100,32032,0,32077,32077,2023,-45,-45
MTR_202,20221219,143100,129828,0,129916,129916,13184,-88,-88
MTR_202,20221220,85100,79937,0,79976,79976,5124,-39,-39
MTR_202,20221221,115300,101077,-2,100968,100966,14332,109,111
MTR_202,20221222,68000,60871,4991,60911,65902,7089,-40,-5031
MTR_202,20221223,478200,195804,3,195803,195806,282397,1,-2
MTR_202,20221224,56000,43931,1,43888,43889,12112,43,42
MTR_202,20221225,64000,63869,0,64082,64082,-82,-213,-213
MTR_202,20221226,204200,179842,2,149883,149885,54317,29959,29957
MTR_202,20221227,95000,75840,0,75787,75787,19213,53,53
MTR_202,20221228,190200,189773,0,189815,189815,385,-42,-42
MTR_202,20221229,131000,86796,3,86787,86790,44213,9,6
MTR_202,20221230,184100,149897,1,149867,149868,34233,30,29
MTR_202,20221231,32000,26973,0,26941,26941,5059,32,32
MTR_202,20230101,5000,4993,0,4983,4983,17,10,10
MTR_202,20230102,148100,145804,-2,145696,145694,2404,108,110
MTR_202,20230103,148200,141943,0,141864,141864,6336,79,79
MTR_202,20230105,54100,53950,0,53989,53989,111,-39,-39
MTR_202,20230106,90120,55006,-2,55026,55024,35094,-20,-18
MTR_202,20230107,50000,49989,1,49886,49887,114,103,102
MTR_202,20230108,66000,32952,-1,32992,32991,33008,-40,-39
MTR_202,20230109,17000,16962,0,16943,16943,57,19,19
MTR_202,20230110,27000,22946,0,22950,22950,4050,-4,-4
MTR_202,20230111,22000,9987,0,9966,9966,12034,21,21
MTR_202,20230112,33000,24958,1,24951,24952,8049,7,6
MTR_202,20230113,52000,45925,0,45875,45875,6125,50,50
MTR_202,20230114,26000,23014,0,22925,22925,3075,89,89
MTR_202,20230116,106000,92006,1,91767,91768,14233,239,238
MTR_202,20230117,81000,78983,0,78876,78876,2124,107,107
MTR_202,20230118,36000,36000,0,35927,35927,73,73,73
MTR_202,20230119,66100,62107,0,62014,62014,4086,93,93
MTR_202,20230120,191100,103150,3,102900,102903,88200,250,247
MTR_202,20230121,48000,43021,0,42879,42879,5121,142,142
MTR_202,20230122,66000,33000,0,32991,32991,33009,9,9
MTR_202,20230123,59000,59071,-1,58900,58899,100,171,172
MTR_202,20230124,72100,62180,-1,61984,61983,10116,196,197
MTR_202,20230125,82100,72240,0,71939,71939,10161,301,301
MTR_202,20230126,57100,57215,0,56977,56977,123,238,238
MTR_202,20230127,90100,83284,1,82967,82968,7133,317,316
MTR_202,20230128,18000,18046,0,17934,17934,66,112,112
MTR_202,20230129,63200,63330,-1,63147,63146,53,183,184
MTR_202,20230130,25000,23068,0,22935,22935,2065,133,133
MTR_202,20230131,124200,124433,-1,124004,124003,196,429,430
MTR_202,20230201,42000,42085,0,41965,41965,35,120,120
MTR_202,20230202,82100,82275,0,81978,81978,122,297,297
MTR_202,20230203,58100,58179,0,57944,57944,156,235,235
MTR_202,20230204,10000,10020,0,9975,9975,25,45,45
MTR_202,20230206,118300,118366,-3,118148,118145,152,218,221
MTR_202,20230207,174100,166323,1,165840,165841,8260,483,482
MTR_202,20230208,69100,67165,-1,66965,66964,2135,200,201
MTR_202,20230209,111100,105243,-1,104882,104881,6218,361,362
MTR_202,20230210,145200,138422,0,137969,137969,7231,453,453
MTR_202,20230211,12000,12017,0,11966,11966,34,51,51
MTR_202,20230213,81300,81185,0,80911,80911,389,274,274
MTR_202,20230214,107100,64159,1,63920,63921,43180,239,238
MTR_202,20230215,125200,125355,-1,124942,124941,258,413,414
MTR_202,20230216,104100,104213,0,103887,103887,213,326,326
MTR_202,20230217,144100,109205,1,108854,108855,35246,351,350
MTR_202,20230218,25000,25021,-1,24935,24934,65,86,87
MTR_202,20230219,33100,33117,0,33018,33018,82,99,99
MTR_202,20230220,434100,169167,-1,168831,168830,265269,336,337
MTR_202,20230221,201100,198139,4,197737,197741,3363,402,398
MTR_202,20230222,137200,132212,-2,131818,131816,5382,394,396
MTR_202,20230223,155200,151220,-1,150856,150855,4344,364,365
MTR_202,20230224,175000,175066,3,166798,166801,8202,8268,8265
MTR_202,20230225,140000,136112,-2,135729,135727,4271,383,385
MTR_202,20230226,42000,42040,0,41980,41980,20,60,60
MTR_202,20230227,137000,107107,2,106707,106709,30293,400,398
MTR_202,20230228,128100,124199,4,123906,123910,4194,293,289
MTR_202,20230301,229000,225248,-3,224547,224544,4453,701,704
MTR_202,20230302,145200,145351,2,177342,177344,-32142,-31991,-31993
MTR_202,20230303,308300,274552,4,241404,241408,66896,33148,33144
MTR_202,20230304,104000,92109,-1,91709,91708,12291,400,401
MTR_202,20230305,67200,67240,0,67077,67077,123,163,163
MTR_202,20230306,206300,195440,-3,194860,194857,11440,580,583
MTR_202,20230307,187100,170169,1,169764,169765,17336,405,404
MTR_202,20230308,106000,105918,-1,105792,105791,208,126,127
MTR_202,20230309,144000,138926,1,138755,138756,5245,171,170
MTR_202,20230310,151100,150971,-1,150777,150776,323,194,195
MTR_202,20230311,83100,81006,-1,80823,80822,2277,183,184
MTR_202,20230313,192000,186549,2,186618,186620,5382,-69,-71
MTR_202,20230314,181100,167742,0,167806,167806,13294,-64,-64
MTR_202,20230315,205100,176750,2,176711,176713,28389,39,37
MTR_202,20230316,44100,43988,0,43916,43916,184,72,72
MTR_202,20230317,113100,105775,4,105852,105856,7248,-77,-81
MTR_202,20230318,48000,43882,0,43877,43877,4123,5,5
MTR_202,20230319,33100,32963,1,33040,33041,60,-77,-78
MTR_202,20230320,153100,149622,2,149782,149784,3318,-160,-162
MTR_202,20230321,139000,128589,0,128777,128777,10223,-188,-188
MTR_202,20230322,95100,82810,-2,82897,82895,12203,-87,-85
MTR_202,20230323,118000,73740,0,73818,73818,44182,-78,-78
MTR_202,20230324,132000,120616,-2,120725,120723,11275,-109,-107
MTR_202,20230325,84000,48855,-1,48884,48883,35116,-29,-28
MTR_202,20230326,66000,32886,0,32989,32989,33011,-103,-103
MTR_202,20230327,48100,35971,-2,35953,35951,12147,18,20
MTR_202,20230328,80100,63873,1,63977,63978,16123,-104,-105
MTR_202,20230329,36000,24912,0,24931,24931,11069,-19,-19
MTR_202,20230330,92120,71839,-1,72021,72020,20099,-182,-181
MTR_202,20230331,118000,117518,0,117856,117856,144,-338,-338
MTR_202,20230401,82000,81656,1,81810,81811,190,-154,-155
MTR_202,20230402,33100,32955,0,33026,33026,74,-71,-71
MTR_202,20230403,173100,169374,0,169775,169775,3325,-401,-401
MTR_202,20230404,180100,151448,-4,151901,151897,28199,-453,-449
MTR_202,20230405,152000,109558,5,109813,109818,42187,-255,-260
MTR_202,20230406,108000,77697,0,77880,77880,30120,-183,-183
MTR_202,20230407,150200,134669,-1,134995,134994,15205,-326,-325
MTR_202,20230408,70100,57869,0,57907,57907,12193,-38,-38
MTR_202,20230410,99000,94568,-1,94867,94866,4133,-299,-298
MTR_202,20230411,113100,112595,1,112869,112870,231,-274,-275
MTR_202,20230412,178000,77654,0,77875,77875,100125,-221,-221
MTR_202,20230413,80000,57762,0,57855,57855,22145,-93,-93
MTR_202,20230414,114000,68702,1,68874,68875,45126,-172,-173
MTR_202,20230415,53000,52787,-1,52891,52890,109,-104,-103
MTR_202,20230417,141300,137654,0,138071,138071,3229,-417,-417
MTR_202,20230418,264100,178273,-2,178835,178833,85265,-562,-560
MTR_202,20230419,124100,108600,1,108838,108839,15262,-238,-239
MTR_202,20230420,171200,168375,1,168818,168819,2382,-443,-444
MTR_202,20230421,53100,41894,0,41914,41914,11186,-20,-20
MTR_202,20230424,102000,80529,1,80885,80886,21115,-356,-357
MTR_202,20230425,167100,144264,0,144860,144860,22240,-596,-596
MTR_202,20230426,72000,65580,1,65911,65912,6089,-331,-332
MTR_202,20230427,120100,107393,2,107864,107866,12236,-471,-473
MTR_202,20230428,125000,124094,-2,124832,124830,168,-738,-736
MTR_202,20230429,108000,99290,1,99804,99805,8196,-514,-515
MTR_202,20230430,100000,99267,0,99894,99894,106,-627,-627
MTR_202,20230501,96100,87437,0,87934,87934,8166,-497,-497
MTR_202,20230502,101100,85470,1,85849,85850,15251,-379,-380
MTR_202,20230503,143100,108260,4,113652,113656,29448,-5392,-5396
MTR_202,20230504,194100,179708,1,180812,180813,13288,-1104,-1105
MTR_202,20230505,189000,127957,3,128799,128802,60201,-842,-845
MTR_202,20230506,116000,83338,1,83812,83813,32188,-474,-475
MTR_202,20230507,68000,33718,1,33989,33990,34011,-271,-272
MTR_202,20230508,128000,73422,-4987,78853,73866,49147,-5431,-444
MTR_202,20230509,128000,117010,-1,117823,117822,10177,-813,-812
MTR_202,20230510,75000,68396,-1,68837,68836,6163,-441,-440
MTR_202,20230511,77100,67513,2,68235,68237,8865,-722,-724
MTR_202,20230512,81000,61478,2,61867,61869,19133,-389,-391
MTR_202,20230513,80000,48591,0,48872,48872,31128,-281,-281
MTR_202,20230514,67100,66495,0,67001,67001,99,-506,-506
MTR_202,20230515,103100,97244,-1,98077,98076,5023,-833,-832
MTR_202,20230516,172000,161572,-1,162704,162703,9296,-1132,-1131
MTR_202,20230517,151000,141820,-1,142717,142716,8283,-897,-896
MTR_202,20230518,122000,121013,0,121791,121791,209,-778,-778
MTR_202,20230519,129100,92352,2,85647,85649,43453,6705,6703
MTR_202,20230520,49000,43657,-1,43887,43886,5113,-230,-229
MTR_202,20230521,33000,32751,-1,32957,32956,43,-206,-205
MTR_202,20230522,236100,175897,1,177147,177148,58953,-1250,-1251
MTR_202,20230523,288300,169209,0,157930,157930,130370,11279,11279
MTR_202,20230524,153100,99357,2,99993,99995,53107,-636,-638
MTR_202,20230525,53000,52635,2,52907,52909,93,-272,-274
MTR_202,20230526,133100,120214,2,120816,120818,12284,-602,-604
MTR_202,20230527,62000,61567,1,61821,61822,179,-254,-255
MTR_202,20230528,33000,32763,0,32960,32960,40,-197,-197
MTR_202,20230529,88100,83442,1,83948,83949,4152,-506,-507
MTR_202,20230530,98000,73392,0,73848,73848,24152,-456,-456
MTR_202,20230531,132000,121008,1,121760,121761,10240,-752,-753
MTR_202,20230601,161000,142841,1,143835,143836,17165,-994,-995
MTR_202,20230602,171000,163577,1,164662,164663,6338,-1085,-1086
MTR_202,20230603,58000,41631,1,41886,41887,16114,-255,-256
MTR_202,20230605,92100,77390,1,77978,77979,14122,-588,-589
MTR_202,20230606,224100,149681,1,150845,150846,73255,-1164,-1165
MTR_202,20230607,95000,94112,1,94855,94856,145,-743,-744
MTR_202,20230608,122100,121028,2,121908,121910,192,-880,-882
MTR_202,20230609,72000,68390,0,68859,68859,3141,-469,-469
MTR_202,20230610,43000,36665,0,36900,36900,6100,-235,-235
MTR_202,20230611,33000,32704,1,32954,32955,46,-250,-251
MTR_202,20230612,91000,85009,0,87709,87709,3291,-2700,-2700
MTR_202,20230613,90000,85073,-2,85850,85848,4150,-777,-775
MTR_202,20230614,94200,91075,0,92038,92038,2162,-963,-963
MTR_202,20230615,158000,122457,0,123808,123808,34192,-1351,-1351
MTR_202,20230616,74000,73041,0,73796,73796,204,-755,-755
MTR_202,20230617,61000,44508,2,44882,44884,16118,-374,-376
MTR_202,20230618,30100,29756,1,30053,30054,47,-297,-298
MTR_202,20230619,127100,109637,-2,110935,110933,16165,-1298,-1296
MTR_202,20230620,108000,106704,0,107813,107813,187,-1109,-1109
MTR_202,20230621,86000,84986,1,85816,85817,184,-830,-831
MTR_202,20230622,172200,161055,0,162888,162888,9312,-1833,-1833
MTR_202,20230623,208200,185778,-1,187865,187864,20335,-2087,-2086
MTR_202,20230624,85000,78965,0,79829,79829,5171,-864,-864
MTR_202,20230625,30100,29675,1,30082,30083,18,-407,-408
MTR_202,20230626,195000,183019,1,185659,185660,9341,-2640,-2641
MTR_202,20230627,131100,70092,0,70942,70942,60158,-850,-850
MTR_202,20230628,117100,115463,-1,116887,116886,213,-1424,-1423
MTR_202,20230630,133200,131161,1,133010,133011,190,-1849,-1850
MTR_202,20230701,23000,22698,2,22948,22950,52,-250,-252
MTR_202,20230702,33000,32510,0,32990,32990,10,-480,-480
MTR_202,20230703,129000,120176,-2,121917,121915,7083,-1741,-1739
MTR_202,20230704,175000,166829,-1,168587,168586,6413,-1758,-1757
MTR_202,20230705,92000,82794,2,83844,83846,8156,-1050,-1052
MTR_202,20230706,109000,97821,-1,98760,98759,10240,-939,-938
MTR_202,20230707,159000,138964,-4,140718,140714,18282,-1754,-1750
MTR_202,20230708,61000,60187,-2,60871,60869,129,-684,-682
MTR_202,20230710,120000,118035,0,89786,89786,30214,28249,28249
MTR_202,20230711,193000,155384,-3,157721,157718,35279,-2337,-2334
MTR_202,20230712,51000,44306,-2,44895,44893,6105,-589,-587
MTR_202,20230713,296000,98413,2,99848,99850,196152,-1435,-1437
MTR_202,20230714,194000,97472,2,98791,98793,95209,-1319,-1321
MTR_202,20230715,440000,77917,6,78848,78854,361152,-931,-937
MTR_202,20230717,206085,161525,-5,158631,158626,47454,2894,2899
MTR_202,20230718,264000,218488,2,221655,221657,42345,-3167,-3169
MTR_202,20230719,161000,143579,4,145756,145760,15244,-2177,-2181
MTR_203,20210927,103000,102134,14,139913,139927,-36913,-37779,-37793
MTR_203,20210928,232000,226093,11004,220823,231827,11177,5270,-5734
MTR_203,20210929,255000,233050,11,241585,241596,13415,-8535,-8546
MTR_203,20210930,355000,285619,23,293462,293485,61538,-7843,-7866
MTR_203,20211001,153000,128925,7,148088,148095,4912,-19163,-19170
MTR_203,20211002,125000,120004,9,120926,120935,4074,-922,-931
MTR_203,20211004,190000,188486,18,189844,189862,156,-1358,-1376
MTR_203,20211005,188100,157858,10,158900,158910,29200,-1042,-1052
MTR_203,20211006,206000,163731,24,164884,164908,41116,-1153,-1177
MTR_203,20211007,176000,154809,16,155903,155919,20097,-1094,-1110
MTR_203,20211008,225000,223291,23,219856,219879,5144,3435,3412
MTR_203,20211009,159000,157796,10,158839,158849,161,-1043,-1053
MTR_203,20211011,243170,198657,20,199873,199893,43297,-1216,-1236
MTR_203,20211012,171000,154822,23,155890,155913,15110,-1068,-1091
MTR_203,20211013,71000,66501,111834,66965,178799,4035,-464,-112298
MTR_203,20211014,129000,113155,121948,129883,251831,-883,-16728,-138676
MTR_203,20211015,324000,278952,18,270797,270815,53203,8155,8137
MTR_203,20211016,112000,108218,6,102938,102944,9062,5280,5274
MTR_203,20211017,44000,43689,2,43972,43974,28,-283,-285
MTR_203,20211018,179000,177744,9,178882,178891,118,-1138,-1147
MTR_203,20211019,40000,39720,5,39973,39978,27,-253,-258
MTR_203,20211020,73000,72489,5,72955,72960,45,-466,-471
MTR_203,20211021,119000,107255,7,107939,107946,11061,-684,-691
MTR_203,20211022,109000,108266,6,108935,108941,65,-669,-675
MTR_203,20211023,174000,169871,10,170900,170910,3100,-1029,-1039
MTR_203,20211025,199000,172886,12,173902,173914,25098,-1016,-1028
MTR_203,20211026,162000,154026,13,154861,154874,7139,-835,-848
MTR_203,20211027,127000,126212,16,126890,126906,110,-678,-694
MTR_203,20211028,234000,210698,15,207687,207702,26313,3011,2996
MTR_203,20211029,265000,235568,19,236865,236884,28135,-1297,-1316
MTR_203,20211030,155000,150094,23,150893,150916,4107,-799,-822
MTR_203,20211101,115000,114310,13,114906,114919,94,-596,-609
MTR_203,20211102,159000,154070,15,154865,154880,4135,-795,-810
MTR_203,20211103,177000,168007,20,168880,168900,8120,-873,-893
MTR_203,20211104,160000,152143,13,152901,152914,7099,-758,-771
MTR_203,20211105,229000,224803,14,225868,225882,3132,-1065,-1079
MTR_203,20211106,156000,155217,8,155876,155884,124,-659,-667
MTR_203,20211107,23000,22892,1,22986,22987,14,-94,-95
MTR_203,20211108,241000,230963,12,232825,232837,8175,-1862,-1874
MTR_203,20211109,193000,192172,12,192859,192871,141,-687,-699
MTR_203,20211110,236000,235017,14,229838,229852,6162,5179,5165
MTR_203,20211111,240000,220110,14,214838,214852,25162,5272,5258
MTR_203,20211112,175000,164341,7,164868,164875,10132,-527,-534
MTR_203,20211113,210100,182384,17011,192949,209960,17151,-10565,-27576
MTR_203,20211114,14000,13945,1,13994,13995,6,-49,-50
MTR_203,20211115,216000,207206,16,197784,197800,18216,9422,9406
MTR_203,20211116,295000,246083,14,255707,255721,39293,-9624,-9638
MTR_203,20211117,237000,220209,11,220852,220863,16148,-643,-654
MTR_203,20211118,160000,155468,6,155891,155897,4109,-423,-429
MTR_203,20211119,242000,234224,8,234844,234852,7156,-620,-628
MTR_203,20211120,187000,186421,13,186847,186860,153,-426,-439
MTR_203,20211121,20000,13960,1,13990,13991,6010,-30,-31
MTR_203,20211122,228000,216402,19,216851,216870,11149,-449,-468
MTR_203,20211123,200000,199482,20,184839,184859,15161,14643,14623
MTR_203,20211124,194000,178582,11,178874,178885,15126,-292,-303
MTR_203,20211125,216000,199567,13,199865,199878,16135,-298,-311
MTR_203,20211126,186000,174654,14,174898,174912,11102,-244,-258
MTR_203,20211127,178000,153742,9,155953,155962,22047,-2211,-2220
MTR_203,20211129,126000,120854,9,111537,111546,14463,9317,9308
MTR_203,20211130,90000,89898,12,89924,89936,76,-26,-38
MTR_203,20211201,242000,241758,12,241859,241871,141,-101,-113
MTR_203,20211202,202000,178837,12,181449,181461,20551,-2612,-2624
MTR_203,20211203,235000,210845,3010,213356,216366,21644,-2511,-5521
MTR_203,20211204,252000,237856,14,237850,237864,14150,6,-8
MTR_203,20211206,199000,189896,17,189892,189909,9108,4,-13
MTR_203,20211207,190000,169929,13,169908,169921,20092,21,8
MTR_203,20211208,178000,172923,7,172908,172915,5092,15,8
MTR_203,20211209,153000,131954,11,131899,131910,21101,55,44
MTR_203,20211210,242740,220673,10,220574,220584,22166,99,89
MTR_203,20211211,180000,171943,11,160896,160907,19104,11047,11036
MTR_203,20211213,132000,131960,12,131907,131919,93,53,41
MTR_203,20211214,193000,172961,7,172900,172907,20100,61,54
MTR_203,20211215,178000,163948,13,157992,158005,20008,5956,5943
MTR_203,20211216,122000,119944,12,119917,119929,2083,27,15
MTR_203,20211217,219100,214977,11,214909,214920,4191,68,57
MTR_203,20211218,178000,157906,8,160473,160481,17527,-2567,-2575
MTR_203,20211220,274000,249832,9,249824,249833,24176,8,-1
MTR_203,20211221,166000,163900,9,163864,163873,2136,36,27
MTR_203,20211222,205000,198859,10,197484,197494,7516,1375,1365
MTR_203,20211223,191000,189479,11,186858,186869,4142,2621,2610
MTR_203,20211224,300000,288318,15,290763,290778,9237,-2445,-2460
MTR_203,20211225,193000,182414,10,190383,190393,2617,-7969,-7979
MTR_203,20211227,201000,183599,10,185814,185824,15186,-2215,-2225
MTR_203,20211228,222000,195573,11,196866,196877,25134,-1293,-1304
MTR_203,20211229,209000,204572,5,205874,205879,3126,-1302,-1307
MTR_203,20211230,248000,227511,7,228857,228864,19143,-1346,-1353
MTR_203,20211231,272000,254426,12,243852,243864,28148,10574,10562
MTR_203,20220101,106000,97443,5,97957,97962,8043,-514,-519
MTR_203,20220102,14000,13929,0,13987,13987,13,-58,-58
MTR_203,20220103,283000,243846,14,244851,244865,38149,-1005,-1019
MTR_203,20220104,233100,222125,11,222897,222908,10203,-772,-783
MTR_203,20220105,334929,309676,17,308802,308819,26127,874,857
MTR_203,20220106,204000,203246,12,203884,203896,116,-638,-650
MTR_203,20220107,331100,322010,15,322836,322851,8264,-826,-841
MTR_203,20220108,235000,215260,8,215885,215893,19115,-625,-633
MTR_203,20220110,376897,340876,15,338735,338750,38162,2141,2126
MTR_203,20220111,114000,113688,7,113897,113904,103,-209,-216
MTR_203,20220112,218000,217436,9,217843,217852,157,-407,-416
MTR_203,20220113,182000,181570,7,181859,181866,141,-289,-296
MTR_203,20220114,260000,239500,11,239843,239854,20157,-343,-354
MTR_203,20220115,337000,269467,11,265619,265630,71381,3848,3837
MTR_203,20220116,49000,40929,0,40974,40974,8026,-45,-45
MTR_203,20220117,208000,178701,16,185853,185869,22147,-7152,-7168
MTR_203,20220118,206000,190718,11,190878,190889,15122,-160,-171
MTR_203,20220119,232000,224690,9,224894,224903,7106,-204,-213
MTR_203,20220120,204000,180771,10,180856,180866,23144,-85,-95
MTR_203,20220121,328000,316642,13,316765,316778,11235,-123,-136
MTR_203,20220122,225000,224774,5,224853,224858,147,-79,-84
MTR_203,20220124,215000,204834,9,204844,204853,10156,-10,-19
MTR_203,20220125,189000,173882,10,173872,173882,15128,10,0
MTR_203,20220126,180000,175895,7,179779,179786,221,-3884,-3891
MTR_203,20220127,156000,150914,12,150907,150919,5093,7,-5
MTR_203,20220128,260000,259857,6,259836,259842,164,21,15
MTR_203,20220129,261000,246866,8,244297,244305,16703,2569,2561
MTR_203,20220131,415000,372823,17,379911,379928,35089,-7088,-7105
MTR_203,20220201,189000,175922,2,175891,175893,13109,31,29
MTR_203,20220202,139000,138933,6,138897,138903,103,36,30
MTR_203,20220203,165000,161927,5,161904,161909,3096,23,18
MTR_203,20220204,256000,247893,7,247841,247848,8159,52,45
MTR_203,20220205,232000,227892,17,227848,227865,4152,44,27
MTR_203,20220207,201000,194910,9,194896,194905,6104,14,5
MTR_203,20220208,141000,140934,6,140917,140923,83,17,11
MTR_203,20220209,149000,148933,11,148886,148897,114,47,36
MTR_203,20220210,140000,131942,10,131901,131911,8099,41,31
MTR_203,20220211,233000,226902,9,226854,226863,6146,48,39
MTR_203,20220212,180000,177923,13,177888,177901,2112,35,22
MTR_203,20220214,318000,309865,16,309813,309829,8187,52,36
MTR_203,20220215,429000,412843,14,412729,412743,16271,114,100
MTR_203,20220216,311000,294905,15,294812,294827,16188,93,78
MTR_203,20220217,252000,214928,6,214853,214859,37147,75,69
MTR_203,20220218,302000,301898,12,301797,301809,203,101,89
MTR_203,20220219,265000,226906,7,226869,226876,38131,37,30
MTR_203,20220221,228000,227902,7,220860,220867,7140,7042,7035
MTR_203,20220222,143000,142939,8,142915,142923,85,24,16
MTR_203,20220223,246000,218881,15,218896,218911,27104,-15,-30
MTR_203,20220224,223000,222876,13,222833,222846,167,43,30
MTR_203,20220225,342000,323826,8,315728,315736,26272,8098,8090
MTR_203,20220226,229000,218896,19,218835,218854,10165,61,42
MTR_203,20220228,404000,369865,24,369861,369885,34139,4,-20
MTR_203,20220301,324000,292900,16,286829,286845,37171,6071,6055
MTR_203,20220302,198000,190936,14,190878,190892,7122,58,44
MTR_203,20220303,191000,184920,11,187241,187252,3759,-2321,-2332
MTR_203,20220304,301000,278882,15,278782,278797,22218,100,85
MTR_203,20220305,225830,199763,14,202218,202232,23612,-2455,-2469
MTR_203,20220306,6000,5998,1,5991,5992,9,7,6
MTR_203,20220307,270000,238946,13,238837,238850,31163,109,96
MTR_203,20220308,347000,310926,9,310822,310831,36178,104,95
MTR_203,20220309,311000,302935,5,302849,302854,8151,86,81
MTR_203,20220310,263000,249929,5,249842,249847,13158,87,82
MTR_203,20220311,341400,333295,8,325126,325134,16274,8169,8161
MTR_203,20220312,224000,217926,12,209854,209866,14146,8072,8060
MTR_203,20220313,28000,27988,1,27975,27976,25,13,12
MTR_203,20220314,248000,238899,10,236817,236827,11183,2082,2072
MTR_203,20220315,287000,273929,12,273832,273844,13168,97,85
MTR_203,20220316,175000,165997,6,165919,165925,9081,78,72
MTR_203,20220317,325000,295014,13,286841,286854,38159,8173,8160
MTR_203,20220318,307000,289985,13,278861,278874,28139,11124,11111
MTR_203,20220319,196000,175989,14,176264,176278,19736,-275,-289
MTR_203,20220321,315000,292991,10,290682,290692,24318,2309,2299
MTR_203,20220322,191000,157984,10,157914,157924,33086,70,60
MTR_203,20220323,127000,126959,12,126924,126936,76,35,23
MTR_203,20220324,170000,167050,9,152921,152930,17079,14129,14120
MTR_203,20220325,179000,169131,6,168918,168924,10082,213,207
MTR_203,20220326,125000,115076,14,114519,114533,10481,557,543
MTR_203,20220328,310000,303977,5,303804,303809,6196,173,168
MTR_203,20220329,230000,212973,13,212849,212862,17151,124,111
MTR_203,20220330,293000,265972,10,265844,265854,27156,128,118
MTR_203,20220331,294000,287921,18,279822,279840,14178,8099,8081
MTR_203,20220401,331000,326869,15,326775,326790,4225,94,79
MTR_203,20220402,190000,179003,10,178888,178898,11112,115,105
MTR_203,20220404,127000,97017,6,72540,72546,54460,24477,24471
MTR_203,20220405,40000,30021,5,834,839,39166,29187,29182
MTR_203,20220406,26000,26019,4,6310,6314,19690,19709,19705
MTR_203,20220407,178000,178095,8,177873,177881,127,222,214
MTR_203,20220408,161000,136037,8,135916,135924,25084,121,113
MTR_203,20220409,75000,59005,13,58950,58963,16050,55,42
MTR_203,20220411,183000,165935,12,165875,165887,17125,60,48
MTR_203,20220412,132000,124914,4,124915,124919,7085,-1,-5
MTR_203,20220413,145000,138924,8,138906,138914,6094,18,10
MTR_203,20220414,126000,122922,5,122902,122907,3098,20,15
MTR_203,20220415,86000,75935,10,75924,75934,10076,11,1
MTR_203,20220416,235000,234720,13,226811,226824,8189,7909,7896
MTR_203,20220418,212000,211542,16,211832,211848,168,-290,-306
MTR_203,20220419,259000,216512,12,239547,239559,19453,-23035,-23047
MTR_203,20220420,174100,167836,3,149994,149997,24106,17842,17839
MTR_203,20220421,365000,364455,20,364741,364761,259,-286,-306
MTR_203,20220422,165100,153948,8,153989,153997,11111,-41,-49
MTR_203,20220424,186000,184643,16,185875,185891,125,-1232,-1248
MTR_203,20220425,170000,165814,12,166888,166900,3112,-1074,-1086
MTR_203,20220426,180000,172755,13,173905,173918,6095,-1150,-1163
MTR_203,20220427,286000,279986,8,281854,281862,4146,-1868,-1876
MTR_203,20220428,242000,234314,12,235878,235890,6122,-1564,-1576
MTR_203,20220429,270000,252186,11,245796,245807,24204,6390,6379
MTR_203,20220503,116000,115170,7,115909,115916,91,-739,-746
MTR_203,20220504,128000,127085,2,127920,127922,80,-835,-837
MTR_203,20220505,234100,204630,14,205873,205887,28227,-1243,-1257
MTR_203,20220506,175000,168789,11,169870,169881,5130,-1081,-1092
MTR_203,20220507,214000,209493,7,203868,203875,10132,5625,5618
MTR_203,20220509,188000,182685,13,183903,183916,4097,-1218,-1231
MTR_203,20220510,232000,219420,5,220853,220858,11147,-1433,-1438
MTR_203,20220511,297000,277997,12,273433,273445,23567,4564,4552
MTR_203,20220512,323000,311757,15,313810,313825,9190,-2053,-2068
MTR_203,20220513,320000,314733,13,316821,316834,3179,-2088,-2101
MTR_203,20220514,345000,330620,18,332803,332821,12197,-2183,-2201
MTR_203,20220516,200000,187648,10,188910,188920,11090,-1262,-1272
MTR_203,20220517,208000,199562,11,200841,200852,7159,-1279,-1290
MTR_203,20220518,199000,197578,21,189858,189879,9142,7720,7699
MTR_203,20220519,239000,221408,18,222770,222788,16230,-1362,-1380
MTR_203,20220520,322000,307785,22,304766,304788,17234,3019,2997
MTR_203,20220521,223000,183679,13,184852,184865,38148,-1173,-1186
MTR_203,20220522,13000,12907,2,12989,12991,11,-82,-84
MTR_203,20220523,244000,234313,13,235804,235817,8196,-1491,-1504
MTR_203,20220524,310000,287931,9,289809,289818,20191,-1878,-1887
MTR_203,20220525,145000,143966,9,144893,144902,107,-927,-936
MTR_203,20220526,238000,230345,12,231816,231828,6184,-1471,-1483
MTR_203,20220527,272000,245242,11,246815,246826,25185,-1573,-1584
MTR_203,20220528,175000,165808,11,166876,166887,8124,-1068,-1079
MTR_203,20220530,285000,264097,14,265861,265875,19139,-1764,-1778
MTR_203,20220531,175100,165907,12,166933,166945,8167,-1026,-1038
MTR_203,20220601,278000,255166,13,256782,256795,21218,-1616,-1629
MTR_203,20220602,228000,216444,12,217826,217838,10174,-1382,-1394
MTR_203,20220603,382000,348491,20,350758,350778,31242,-2267,-2287
MTR_203,20220604,203000,201549,15,202847,202862,153,-1298,-1313
MTR_203,20220606,288000,266086,8,267818,267826,20182,-1732,-1740
MTR_203,20220607,306000,303814,18,305806,305824,194,-1992,-2010
MTR_203,20220608,279000,274026,17,275842,275859,3158,-1816,-1833
MTR_203,20220609,345000,314737,10,316758,316768,28242,-2021,-2031
MTR_203,20220610,331000,307784,12,309782,309794,21218,-1998,-2010
MTR_203,20220611,291000,288921,9,284814,284823,6186,4107,4098
MTR_203,20220613,393000,328632,16,328068,328084,64932,564,548
MTR_203,20220614,354000,321683,6,310955,310961,43045,10728,10722
MTR_203,20220615,508100,350577,11,344927,344938,163173,5650,5639
MTR_203,20220616,229000,217432,448,198207,198655,30793,19225,18777
MTR_203,20220617,229000,220417,8,221869,221877,7131,-1452,-1460
MTR_203,20220618,162216,158077,11,158891,158902,3325,-814,-825
MTR_203,20220620,272200,246427,7,258697,258704,13503,-12270,-12277
MTR_203,20220621,257000,238284,5,247803,247808,9197,-9519,-9524
MTR_203,20220622,405000,364375,4485,372251,376736,32749,-7876,-12361
MTR_203,20220623,391000,338562,3,340790,340793,50210,-2228,-2231
MTR_203,20220624,398100,395251,8,397717,397725,383,-2466,-2474
MTR_203,20220625,139000,138008,5,138860,138865,140,-852,-857
MTR_203,20220627,417000,388201,3,390751,390754,26249,-2550,-2553
MTR_203,20220628,464000,424938,5,442709,442714,21291,-17771,-17776
MTR_203,20220629,482000,451748,10,439755,439765,42245,11993,11983
MTR_203,20220630,364000,352468,7,354795,354802,9205,-2327,-2334
MTR_203,20220701,362000,355446,2649,357810,360459,4190,-2364,-5013
MTR_203,20220702,277000,266082,8,267786,267794,9214,-1704,-1712
MTR_203,20220704,363000,356430,11,358705,358716,4295,-2275,-2286
MTR_203,20220705,384000,359414,13,351717,351730,32283,7697,7684
MTR_203,20220706,235000,233321,13,234803,234816,197,-1482,-1495
MTR_203,20220707,354000,331612,16,328028,328044,25972,3584,3568
MTR_203,20220708,227000,220414,17,221841,221858,5159,-1427,-1444
MTR_203,20220709,207000,199565,6,200873,200879,6127,-1308,-1314
MTR_203,20220711,48000,47656,3,47969,47972,31,-313,-316
MTR_203,20220712,108000,107228,0,107930,107930,70,-702,-702
MTR_203,20220713,87000,82405,4,82944,82948,4056,-539,-543
MTR_203,20220714,169000,162825,7,163903,163910,5097,-1078,-1085
MTR_203,20220715,129000,128079,3,128911,128914,89,-832,-835
MTR_203,20220716,300000,292892,13,287850,287863,12150,5042,5029
MTR_203,20220717,25000,22836,0,22984,22984,2016,-148,-148
MTR_203,20220718,362000,354450,12,356813,356825,5187,-2363,-2375
MTR_203,20220719,281000,278990,15,280848,280863,152,-1858,-1873
MTR_203,20220720,273000,265093,14,266862,266876,6138,-1769,-1783
MTR_203,20220721,248000,246229,5005,247867,252872,133,-1638,-6643
MTR_203,20220722,293000,275019,13,276785,276798,16215,-1766,-1779
MTR_203,20220723,283000,275018,11,276807,276818,6193,-1789,-1800
MTR_203,20220725,250000,235304,6,231853,231859,18147,3451,3445
MTR_203,20220726,303000,275018,5,276849,276854,26151,-1831,-1836
MTR_203,20220727,160000,158855,10,159908,159918,92,-1053,-1063
MTR_203,20220728,249000,247218,6,248837,248843,163,-1619,-1625
MTR_203,20220729,242000,236299,8,237845,237853,4155,-1546,-1554
MTR_203,20220730,124100,123217,10,123903,123913,197,-686,-696
MTR_203,20220731,12000,11914,0,11992,11992,8,-78,-78
MTR_203,20220801,407000,398136,16,400795,400811,6205,-2659,-2675
MTR_203,20220802,330000,314734,3,316748,316751,13252,-2014,-2017
MTR_203,20220803,453000,449764,9,452675,452684,325,-2911,-2920
MTR_203,20220804,317000,289918,11,291790,291801,25210,-1872,-1883
MTR_203,20220805,389100,371427,13,373772,373785,15328,-2345,-2358
MTR_203,20220806,348000,315726,9,314951,314960,33049,775,766
MTR_203,20220807,14000,13900,1,13994,13995,6,-94,-95
MTR_203,20220808,266000,241266,14,242864,242878,23136,-1598,-1612
MTR_203,20220809,315000,288922,9,290786,290795,24214,-1864,-1873
MTR_203,20220810,354000,351469,10,353723,353733,277,-2254,-2264
MTR_203,20220811,309000,306793,13,308723,308736,277,-1930,-1943
MTR_203,20220812,304000,281972,7,283759,283766,20241,-1787,-1794
MTR_203,20220813,248000,244241,9,245783,245792,2217,-1542,-1551
MTR_203,20220814,15000,14893,2,14988,14990,12,-95,-97
MTR_203,20220815,273000,258142,5,259819,259824,13181,-1677,-1682
MTR_203,20220816,426000,405084,9,407759,407768,18241,-2675,-2684
MTR_203,20220817,420000,414021,15,412765,412780,7235,1256,1241
MTR_203,20220818,286000,273034,16,278828,278844,7172,-5794,-5810
MTR_203,20220819,378000,359413,7,361795,361802,16205,-2382,-2389
MTR_203,20220820,227000,219424,16,220837,220853,6163,-1413,-1429
MTR_203,20220822,341000,332609,6,334729,334735,6271,-2120,-2126
MTR_203,20220823,336000,333599,15,335750,335765,250,-2151,-2166
MTR_203,20220824,230000,215446,6,216861,216867,13139,-1415,-1421
MTR_203,20220825,207000,201547,7,202862,202869,4138,-1315,-1322
MTR_203,20220826,332300,316023,7,312112,312119,20188,3911,3904
MTR_203,20220827,277000,251193,7,259787,259794,17213,-8594,-8601
MTR_203,20220828,10000,9928,0,9997,9997,3,-69,-69
MTR_203,20220829,328000,325656,8,327836,327844,164,-2180,-2188
MTR_203,20220830,294000,277008,6,278822,278828,15178,-1814,-1820
MTR_203,20220831,448000,424943,7,416742,416749,31258,8201,8194
MTR_203,20220901,257000,239277,13,240835,240848,16165,-1558,-1571
MTR_203,20220902,311000,272041,13,273801,273814,37199,-1760,-1773
MTR_203,20220903,308500,236798,8,238187,238195,70313,-1389,-1397
MTR_203,20220904,48000,31770,2,31983,31985,16017,-213,-215
MTR_203,20220905,243000,217432,12,218865,218877,24135,-1433,-1445
MTR_203,20220906,207000,194600,13,195865,195878,11135,-1265,-1278
MTR_203,20220907,309000,291897,12,293837,293849,15163,-1940,-1952
MTR_203,20220908,312405,302226,9,301833,301842,10572,393,384
MTR_203,20220909,343000,333601,13,335813,335826,7187,-2212,-2225
MTR_203,20220910,209000,207503,9,198870,198879,10130,8633,8624
MTR_203,20220912,438000,353452,6,349798,349804,88202,3654,3648
MTR_203,20220913,280000,277998,8,279833,279841,167,-1835,-1843
MTR_203,20220914,242500,235801,6,237296,237302,5204,-1495,-1501
MTR_203,20220915,111000,110205,10,110917,110927,83,-712,-722
MTR_203,20220916,318700,295573,11009,295118,306127,23582,455,-10554
MTR_203,20220917,309000,282963,-10983,284791,273808,24209,-1828,9155
MTR_203,20220918,28000,27800,0,27987,27987,13,-187,-187
MTR_203,20220919,365500,339058,11,333267,333278,32233,5791,5780
MTR_203,20220920,340000,305801,14,307793,307807,32207,-1992,-2006
MTR_203,20220921,355000,337566,13,339810,339823,15190,-2244,-2257
MTR_203,20220922,212000,210488,8,211866,211874,134,-1378,-1386
MTR_203,20220923,253000,231335,8,232829,232837,20171,-1494,-1502
MTR_203,20220924,135000,131057,7,131873,131880,3127,-816,-823
MTR_203,20220926,305000,277004,6,278821,278827,26179,-1817,-1823
MTR_203,20220927,152000,141976,4,142919,142923,9081,-943,-947
MTR_203,20220928,148000,139003,3998,139921,143919,8079,-918,-4916
MTR_203,20220929,119000,118150,0,118904,118904,96,-754,-754
MTR_203,20220930,100000,91341,1,91940,91941,8060,-599,-600
MTR_203,20221001,203000,201548,62970,197067,260037,5933,4481,-58489
MTR_203,20221004,287000,278961,110967,280835,391802,6165,-1874,-112841
MTR_203,20221005,237000,222413,10010,223842,233852,13158,-1429,-11439
MTR_203,20221006,246000,227194,4,228849,228853,17151,-1655,-1659
MTR_203,20221007,202000,200135,80944,214832,295776,-12832,-14697,-95641
MTR_203,20221008,305000,220968,5,205271,205276,99729,15697,15692
MTR_203,20221010,197000,170410,-1,178894,178893,18106,-8484,-8483
MTR_203,20221011,175000,168470,4,162902,162906,12098,5568,5564
MTR_203,20221012,306000,303297,3,305819,305822,181,-2522,-2525
MTR_203,20221013,389000,353852,1,356816,356817,32184,-2964,-2965
MTR_203,20221014,462000,443100,5,446743,446748,15257,-3643,-3648
MTR_203,20221015,411000,364384,6,368654,368660,42346,-4270,-4276
MTR_203,20221017,438000,259297,43982,262772,306754,175228,-3475,-47457
MTR_203,20221018,254000,246588,9,245844,245853,8156,744,735
MTR_203,20221019,285000,189487,9,191872,191881,93128,-2385,-2394
MTR_203,20221020,29000,28634,236852,28977,265829,23,-343,-237195
MTR_203,20221021,297000,293399,18,296790,296808,210,-3391,-3409
MTR_203,20221022,222000,219709,9,232825,232834,-10825,-13116,-13125
MTR_203,20221024,354000,343480,5,335747,335752,18253,7733,7728
MTR_203,20221025,260000,252454,7,254805,254812,5195,-2351,-2358
MTR_203,20221026,336000,315886,13,318773,318786,17227,-2887,-2900
MTR_203,20221027,395000,383282,10,386758,386768,8242,-3476,-3486
MTR_203,20221028,465000,449772,11,453746,453757,11254,-3974,-3985
MTR_203,20221029,334000,328059,14,330803,330817,3197,-2744,-2758
MTR_203,20221030,15000,14873,0,14993,14993,7,-120,-120
MTR_203,20221031,372000,360010,15,362805,362820,9195,-2795,-2810
MTR_203,20221101,134000,125880,5,118738,118743,15262,7142,7137
MTR_203,20221102,247000,224868,5,226825,226830,20175,-1957,-1962
MTR_203,20221103,264000,243778,2,245822,245824,18178,-2044,-2046
MTR_203,20221104,281000,245841,4,242848,242852,38152,2993,2989
MTR_203,20221105,253000,201294,2,202872,202874,50128,-1578,-1580
MTR_203,20221107,318000,251059,7,253847,253854,64153,-2788,-2795
MTR_203,20221108,199000,197505,3,198881,198884,119,-1376,-1379
MTR_203,20221109,239000,237330,7,238847,238854,153,-1517,-1524
MTR_203,20221110,167000,157925,6,158883,158889,8117,-958,-964
MTR_203,20221111,318000,299997,6,301802,301808,16198,-1805,-1811
MTR_203,20221112,127000,126174,5,126910,126915,90,-736,-741
MTR_203,20221114,216000,201674,5,202832,202837,13168,-1158,-1163
MTR_203,20221115,219100,207624,5,208848,208853,10252,-1224,-1229
MTR_203,20221116,286000,282026,11,283776,283787,2224,-1750,-1761
MTR_203,20221117,279000,260210,8,261830,261838,17170,-1620,-1628
MTR_203,20221118,318810,302806,6,293819,293825,24991,8987,8981
MTR_203,20221119,215000,205723,8,206865,206873,8135,-1142,-1150
MTR_203,20221121,281000,279447,7,280836,280843,164,-1389,-1396
MTR_203,20221122,276000,274476,5,275862,275867,138,-1386,-1391
MTR_203,20221123,308000,289430,7,282862,282869,25138,6568,6561
MTR_203,20221124,193000,173092,3,173871,173874,19129,-779,-782
MTR_203,20221125,323000,313273,2,314811,314813,8189,-1538,-1540
MTR_203,20221126,149000,148148,1,148923,148924,77,-775,-776
MTR_203,20221128,231000,208907,2,209888,209890,21112,-981,-983
MTR_203,20221129,157000,146313,2,146926,146928,10074,-613,-615
MTR_203,20221130,171000,161315,2007,154914,156921,16086,6401,4394
MTR_203,20221201,213000,202190,6,202901,202907,10099,-711,-717
MTR_203,20221202,310000,308911,10,309789,309799,211,-878,-888
MTR_203,20221203,242000,239272,5,239847,239852,2153,-575,-580
MTR_203,20221204,18000,17948,-1,17993,17992,7,-45,-44
MTR_203,20221205,308000,304122,5,304805,304810,3195,-683,-688
MTR_203,20221206,325000,323785,6,324812,324818,188,-1027,-1033
MTR_203,20221207,363000,335728,6,336802,336808,26198,-1074,-1080
MTR_203,20221208,352000,279951,1,280853,280854,71147,-902,-903
MTR_203,20221209,262000,226189,3,226915,226918,35085,-726,-729
MTR_203,20221210,182000,160431,2,160928,160930,21072,-497,-499
MTR_203,20221212,161000,146460,2,146937,146939,14063,-477,-479
MTR_203,20221213,79000,78673,3,78948,78951,52,-275,-278
MTR_203,20221214,128000,121488,3,121920,121923,6080,-432,-435
MTR_203,20221215,97000,96609,-1,96953,96952,47,-344,-343
MTR_203,20221216,338000,319813,7,322996,323003,15004,-3183,-3190
MTR_203,20221217,272000,255075,7,255844,255851,16156,-769,-776
MTR_203,20221218,38000,9965,-1,7052,7051,30948,2913,2914
MTR_203,20221219,380000,363656,4,364731,364735,15269,-1075,-1079
MTR_203,20221220,432000,379635,6,384104,384110,47896,-4469,-4475
MTR_203,20221221,298000,264105,6,259629,259635,38371,4476,4470
MTR_203,20221222,203000,185381,4,185889,185893,17111,-508,-512
MTR_203,20221223,489000,418661,8,432702,432710,56298,-14041,-14049
MTR_203,20221224,270000,188416,3,188907,188910,81093,-491,-494
MTR_203,20221226,276000,264179,3,269575,269578,6425,-5396,-5399
MTR_203,20221227,434000,413740,9,414806,414815,19194,-1066,-1075
MTR_203,20221228,295000,294263,8,294817,294825,183,-554,-562
MTR_203,20221229,478000,411232,8,416924,416932,61076,-5692,-5700
MTR_203,20221230,388000,372291,10,368540,368550,19460,3751,3741
MTR_203,20221231,129000,126519,6,126915,126921,2085,-396,-402
MTR_203,20230101,10000,9963,0,9992,9992,8,-29,-29
MTR_203,20230102,304000,303114,10,303783,303793,217,-669,-679
MTR_203,20230103,300000,299137,6,299805,299811,195,-668,-674
MTR_203,20230104,39000,38891,-1,38963,38962,37,-72,-71
MTR_203,20230109,342000,311135,453540,311962,765502,30038,-827,-454367
MTR_203,20230110,328000,315031,5,315938,315943,12062,-907,-912
MTR_203,20230111,139000,138568,0,138977,138977,23,-409,-409
MTR_203,20230112,274000,217351,1,217979,217980,56021,-628,-629
MTR_203,20230113,416000,332843,0,332911,332911,83089,-68,-68
MTR_203,20230114,218000,208774,1,208963,208964,9037,-189,-190
MTR_203,20230115,18000,17982,0,17998,17998,2,-16,-16
MTR_203,20230116,283000,261751,5,258951,258956,24049,2800,2795
MTR_203,20230117,387000,367656,5,367963,367968,19037,-307,-312
MTR_203,20230118,189000,188868,2,188988,188990,12,-120,-122
MTR_203,20230119,270000,254155,4,253925,253929,16075,230,226
MTR_203,20230120,364000,352319,4,354520,354524,9480,-2201,-2205
MTR_203,20230121,203000,195952,5,195958,195963,7042,-6,-11
MTR_203,20230123,253000,240982,5,240938,240943,12062,44,39
MTR_203,20230124,395000,327033,-2,325940,325938,69060,1093,1095
MTR_203,20230125,222000,222166,3,221971,221974,29,195,192
MTR_203,20230126,230000,214301,5,213973,213978,16027,328,323
MTR_203,20230127,258000,258289,2,257989,257991,11,300,298
MTR_203,20230128,175000,175303,5,174990,174995,10,313,308
MTR_203,20230130,401000,373488,4,372884,372888,28116,604,600
MTR_203,20230131,304000,281358,3,280936,280939,23064,422,419
MTR_203,20230201,222000,207262,1,206901,206902,15099,361,360
MTR_203,20230202,264000,251282,3,250935,250938,13065,347,344
MTR_203,20230203,266000,266316,1,265942,265943,58,374,373
MTR_203,20230204,158000,155163,1,154965,154966,3035,198,197
MTR_203,20230206,282000,277268,5,276916,276921,5084,352,347
MTR_203,20230207,303000,290285,2,289906,289908,13094,379,377
MTR_203,20230208,257000,253351,8656,263294,271950,-6294,-9943,-18599
MTR_203,20230209,399000,353462,-8654,342570,333916,56430,10892,19546
MTR_203,20230210,276000,266228,3,265929,265932,10071,299,296
MTR_203,20230211,153000,138134,3,137982,137985,15018,152,149
MTR_203,20230213,223000,204170,0,203954,203954,19046,216,216
MTR_203,20230214,385000,152121,3,151973,151976,233027,148,145
MTR_203,20230215,193000,193140,2,185978,185980,7022,7162,7160
MTR_203,20230216,364000,357249,-3,356992,356989,7008,257,260
MTR_203,20230217,433000,399248,2,398989,398991,34011,259,257
MTR_203,20230218,269000,269153,2,268970,268972,30,183,181
MTR_203,20230220,402000,307121,9523,319028,328551,82972,-11907,-21430
MTR_203,20230221,430000,418141,2,403929,403931,26071,14212,14210
MTR_203,20230222,364000,350423,5,350939,350944,13061,-516,-521
MTR_203,20230223,314000,291238,4,287970,287974,26030,3268,3264
MTR_203,20230224,409000,408028,3,408910,408913,90,-882,-885
MTR_203,20230225,292000,284398,2,284941,284943,7059,-543,-545
MTR_203,20230226,11000,10980,-1,10999,10998,1,-19,-18
MTR_203,20230227,305000,253562,0,253962,253962,51038,-400,-400
MTR_203,20230228,148000,138781,2,138974,138976,9026,-193,-195
MTR_203,20230301,359000,352514,4,352959,352963,6041,-445,-449
MTR_203,20230302,503000,502597,6,502929,502935,71,-332,-338
MTR_203,20230303,468000,442774,1,442968,442969,25032,-194,-195
MTR_203,20230304,484000,453831,3,453983,453986,30017,-152,-155
MTR_203,20230306,456000,429874,2,429903,429905,26097,-29,-31
MTR_203,20230307,339000,325807,0,325936,325936,13064,-129,-129
MTR_203,20230308,458990,331720,7,328959,328966,130031,2761,2754
MTR_203,20230309,290000,280771,0,280983,280983,9017,-212,-212
MTR_203,20230310,435000,422704,-1,422974,422973,12026,-270,-269
MTR_203,20230311,280000,264883,1,264985,264986,15015,-102,-103
MTR_203,20230313,541000,405716,7,403971,403978,137029,1745,1738
MTR_203,20230314,570000,398655,5,398926,398931,171074,-271,-276
MTR_203,20230315,370000,369700,8,369944,369952,56,-244,-252
MTR_203,20230316,281000,278645,3,280939,280942,61,-2294,-2297
MTR_203,20230317,409100,379002,0,375987,375987,33113,3015,3015
MTR_203,20230318,211000,199400,3,199960,199963,11040,-560,-563
MTR_203,20230320,470000,458984,0,460899,460899,9101,-1915,-1915
MTR_203,20230321,447000,439117,9,440905,440914,6095,-1788,-1797
MTR_203,20230322,512100,484076,5,485961,485966,26139,-1885,-1890
MTR_203,20230323,343000,337626,5,338963,338968,4037,-1337,-1342
MTR_203,20230324,332000,330663,4,331955,331959,45,-1292,-1296
MTR_203,20230325,164000,153399,3998,168951,172949,-4951,-15552,-19550
MTR_203,20230327,346000,312743,8,305929,305937,40071,6814,6806
MTR_203,20230328,130000,129508,1,129989,129990,11,-481,-482
MTR_203,20230329,139000,138494,1,138956,138957,44,-462,-463
MTR_203,20230330,105000,104744,4,104969,104973,31,-225,-229
MTR_203,20230331,172000,161611,2,161966,161968,10034,-355,-357
MTR_203,20230401,373000,364114,0,364914,364914,8086,-800,-800
MTR_203,20230403,389000,362079,6,362908,362914,26092,-829,-835
MTR_203,20230404,315000,314092,0,314946,314946,54,-854,-854
MTR_203,20230405,852000,384877,8,385932,385940,466068,-1055,-1063
MTR_203,20230406,344000,332058,5,332965,332970,11035,-907,-912
MTR_203,20230407,348000,332880,0,333965,333965,14035,-1085,-1085
MTR_203,20230408,265000,254181,6,254928,254934,10072,-747,-753
MTR_203,20230410,362000,345906,2,345736,345738,16264,170,168
MTR_203,20230411,218000,217287,3,217963,217966,37,-676,-679
MTR_203,20230412,280000,272129,0,272987,272987,7013,-858,-858
MTR_203,20230413,266000,252362,2,252990,252992,13010,-628,-630
MTR_203,20230414,210000,209470,3,210009,210012,-9,-539,-542
MTR_203,20230415,175000,167496,0,167968,167968,7032,-472,-472
MTR_203,20230417,178000,177028,-1,177954,177953,46,-926,-925
MTR_203,20230418,436000,406016,6,407890,407896,28110,-1874,-1880
MTR_203,20230419,350000,348350,2,349924,349926,76,-1574,-1576
MTR_203,20230420,365000,348209,1,349947,349948,15053,-1738,-1739
MTR_203,20230421,201000,176040,3,183896,183899,17104,-7856,-7859
MTR_203,20230424,206000,198946,1,199946,199947,6054,-1000,-1001
MTR_203,20230425,150000,135291,2,134839,134841,15161,452,450
MTR_203,20230426,281000,269536,2,270940,270942,10060,-1404,-1406
MTR_203,20230427,264000,246642,1,247940,247941,16060,-1298,-1299
MTR_203,20230428,326000,318231,8,319919,319927,6081,-1688,-1696
MTR_203,20230429,245000,243643,1,244956,244957,44,-1313,-1314
MTR_203,20230430,17000,8950,1,8995,8996,8005,-45,-46
MTR_203,20230501,187000,177002,2,177968,177970,9032,-966,-968
MTR_203,20230502,479000,439509,4,441944,441948,37056,-2435,-2439
MTR_203,20230503,466000,459381,0,461960,461960,4040,-2579,-2579
MTR_203,20230504,441000,435521,8,436863,436871,4137,-1342,-1350
MTR_203,20230505,421000,395586,9,398844,398853,22156,-3258,-3267
MTR_203,20230506,380000,364187,4,367823,367827,12177,-3636,-3640
MTR_203,20230508,439000,392829,-11991,408905,396914,30095,-16076,-4085
MTR_203,20230509,371000,367175,7,370912,370919,88,-3737,-3744
MTR_203,20230510,386000,382077,11,385935,385946,65,-3858,-3869
MTR_203,20230511,453000,423736,5,433329,433334,19671,-9593,-9598
MTR_203,20230512,372000,358561,10,361978,361988,10022,-3417,-3427
MTR_203,20230513,212000,200365,4,201924,201928,10076,-1559,-1563
MTR_203,20230515,384000,363129,6,370936,370942,13064,-7807,-7813
MTR_203,20230516,510000,500086,12,503881,503893,6119,-3795,-3807
MTR_203,20230517,421000,406882,7,409927,409934,11073,-3045,-3052
MTR_203,20230518,327000,318612,4,320972,320976,6028,-2360,-2364
MTR_203,20230519,302000,281006,3,282961,282964,19039,-1955,-1958
MTR_203,20230520,320000,317974,2,319926,319928,74,-1952,-1954
MTR_203,20230522,363000,327023,9,334103,334112,28897,-7080,-7089
MTR_203,20230523,317000,305215,2,306932,306934,10068,-1717,-1719
MTR_203,20230524,333000,330916,3,332935,332938,65,-2019,-2022
MTR_203,20230525,324000,309222,5,310948,310953,13052,-1726,-1731
MTR_203,20230526,468000,445445,10,447935,447945,20065,-2490,-2500
MTR_203,20230527,367000,364888,0,366974,366974,26,-2086,-2086
MTR_203,20230529,467000,452393,2,452938,452940,14062,-545,-547
MTR_203,20230530,814000,493214,7,495859,495866,318141,-2645,-2652
MTR_203,20230531,436000,423035,7,425901,425908,10099,-2866,-2873
MTR_203,20230601,391000,375347,6,377893,377899,13107,-2546,-2552
MTR_203,20230602,472000,453766,9,456876,456885,15124,-3110,-3119
MTR_203,20230603,316000,306867,3,308952,308955,7048,-2085,-2088
MTR_203,20230605,423000,397111,3,399931,399934,23069,-2820,-2823
MTR_203,20230606,364000,354409,7,356954,356961,7046,-2545,-2552
MTR_203,20230607,348000,335517,7,337978,337985,10022,-2461,-2468
MTR_203,20230608,283000,273018,-1,274985,274984,8015,-1967,-1966
MTR_203,20230609,361000,348832,8,350956,350964,10044,-2124,-2132
MTR_203,20230610,262000,251778,2,252924,252926,9076,-1146,-1148
MTR_203,20230612,257000,239754,8,249906,249914,7094,-10152,-10160
MTR_203,20230613,234000,217835,5,218940,218945,15060,-1105,-1110
MTR_203,20230614,279000,264509,7,265958,265965,13042,-1449,-1456
MTR_203,20230615,208000,197854,3,198979,198982,9021,-1125,-1128
MTR_203,20230616,417000,408330,11,410953,410964,6047,-2623,-2634
MTR_203,20230617,326000,296702,5,298932,298937,27068,-2230,-2235
MTR_203,20230619,315000,267527,4,268943,268947,46057,-1416,-1420
MTR_203,20230620,261000,256548,5,257932,257937,3068,-1384,-1389
MTR_203,20230621,359000,354862,5,356926,356931,2074,-2064,-2069
MTR_203,20230622,363000,350060,1,352910,352911,10090,-2850,-2851
MTR_203,20230623,356000,323261,4,325908,325912,30092,-2647,-2651
MTR_203,20230624,339000,306385,5,301219,301224,37781,5166,5161
MTR_203,20230626,439000,397511,9,400928,400937,38072,-3417,-3426
MTR_203,20230627,337000,306066,5,308894,308899,28106,-2828,-2833
MTR_203,20230628,445000,395155,7,398981,398988,46019,-3826,-3833
MTR_203,20230630,94000,91038,2,91978,91980,2022,-940,-942
MTR_203,20230701,100000,98985,4,99972,99976,28,-987,-991
MTR_203,20230703,269000,261300,5,265939,265944,3061,-4639,-4644
MTR_203,20230704,342000,329598,3,332936,332939,9064,-3338,-3341
MTR_203,20230705,286000,277165,2,279947,279949,6053,-2782,-2784
MTR_203,20230706,301000,277171,8,279951,279959,21049,-2780,-2788
MTR_203,20230707,413000,389037,7,392967,392974,20033,-3930,-3937
MTR_203,20230708,301000,297703,5,300892,300897,108,-3189,-3194
MTR_203,20230709,35000,34637,0,34988,34988,12,-351,-351
MTR_203,20230710,403000,379039,6,382901,382907,20099,-3862,-3868
MTR_203,20230711,594000,425283,-1,431511,431510,162489,-6228,-6227
MTR_203,20230712,393000,320152,6,331900,331906,61100,-11748,-11754
MTR_203,20230713,565000,332980,6,334929,334935,230071,-1949,-1955
MTR_203,20230714,530000,310130,8,304940,304948,225060,5190,5182
MTR_203,20230715,396000,167425,9,162829,162838,233171,4596,4587
MTR_203,20230716,15000,14859,0,14997,14997,3,-138,-138
MTR_203,20230717,809000,467305,13,472031,472044,336969,-4726,-4739
MTR_203,20230718,463000,425831,0,424862,424862,38138,969,969
MTR_203,20230719,227000,224288,0,226916,226916,84,-2628,-2628
MTR_301,20210927,122771,121738,2998,309987,312985,-187216,-188249,-191247
MTR_301,20210928,570000,544421,17004,534907,551911,35093,9514,-7490
MTR_301,20210929,478000,470067,-1,473897,473896,4103,-3830,-3829
MTR_301,20210930,662000,607936,3,612773,612776,49227,-4837,-4840
MTR_301,20211001,303000,292571,4,294901,294905,8099,-2330,-2334
MTR_301,20211002,236000,228111,2,229946,229948,6054,-1835,-1837
MTR_301,20211004,442000,424590,3,427900,427903,14100,-3310,-3313
MTR_301,20211005,340000,337347,0,351916,351916,-11916,-14569,-14569
MTR_301,20211006,479000,428670,4006,419919,423925,59081,8751,4745
MTR_301,20211007,433000,388997,2,391926,391928,41074,-2929,-2931
MTR_301,20211008,512000,486268,7,489947,489954,22053,-3679,-3686
MTR_301,20211009,366000,335439,3,337912,337915,28088,-2473,-2476
MTR_301,20211011,508000,467438,1,470947,470948,37053,-3509,-3510
MTR_301,20211012,451000,447604,29992,450910,480902,90,-3306,-33298
MTR_301,20211013,111500,110668,382515,118027,500542,-6527,-7359,-389874
MTR_301,20211014,263600,253705,395891,271962,667853,-8362,-18257,-414148
MTR_301,20211015,909520,854252,15,825770,825785,83750,28482,28467
MTR_301,20211016,196000,177721,-2,178964,178962,17036,-1243,-1241
MTR_301,20211018,478000,458759,3,461915,461918,16085,-3156,-3159
MTR_301,20211019,227000,195620,2,196969,196971,30031,-1349,-1351
MTR_301,20211020,153000,151931,4,152970,152974,30,-1039,-1043
MTR_301,20211021,397000,384331,1,386926,386927,10074,-2595,-2596
MTR_301,20211022,318000,290028,-1,291959,291958,26041,-1931,-1930
MTR_301,20211023,328000,310946,3,312956,312959,15044,-2010,-2013
MTR_301,20211024,17000,14903,0,14998,14998,2002,-95,-95
MTR_301,20211025,522000,509724,5,512908,512913,9092,-3184,-3189
MTR_301,20211026,391000,388552,4,390889,390893,111,-2337,-2341
MTR_301,20211027,434000,431305,3,433914,433917,86,-2609,-2612
MTR_301,20211028,475000,439280,3,433740,433743,41260,5540,5537
MTR_301,20211029,578000,569536,3,572931,572934,5069,-3395,-3398
MTR_301,20211030,523000,513898,5,516912,516917,6088,-3014,-3019
MTR_301,20211101,341000,322053,1,323926,323927,17074,-1873,-1874
MTR_301,20211102,464910,434283,-4,434037,434033,30873,246,250
MTR_301,20211103,397000,394682,4,396930,396934,70,-2248,-2252
MTR_301,20211104,429000,413670,0,406940,406940,22060,6730,6730
MTR_301,20211105,514000,459551,12,461955,461967,52045,-2404,-2416
MTR_301,20211106,346000,338293,-1,339916,339915,6084,-1623,-1622
MTR_301,20211107,16000,15924,0,15998,15998,2,-74,-74
MTR_301,20211108,485000,430066,9,431907,431916,53093,-1841,-1850
MTR_301,20211109,404000,402271,0,403919,403919,81,-1648,-1648
MTR_301,20211110,452000,440161,1,441952,441953,10048,-1791,-1792
MTR_301,20211111,523000,486037,7,487901,487908,35099,-1864,-1871
MTR_301,20211112,471000,445219,-1,446894,446893,24106,-1675,-1674
MTR_301,20211113,389000,387480,0,388946,388946,54,-1466,-1466
MTR_301,20211114,11000,10957,1,10998,10999,2,-41,-42
MTR_301,20211115,567620,503688,6,493218,493224,74402,10470,10464
MTR_301,20211116,560100,447431,4,451264,451268,108836,-3833,-3837
MTR_301,20211117,527000,503184,7,504914,504921,22086,-1730,-1737
MTR_301,20211118,399000,397645,2,398891,398893,109,-1246,-1248
MTR_301,20211119,587000,536222,13,537843,537856,49157,-1621,-1634
MTR_301,20211120,477000,458563,6,459875,459881,17125,-1312,-1318
MTR_301,20211121,33000,32905,0,32992,32992,8,-87,-87
MTR_301,20211122,568000,514570,7,515886,515893,52114,-1316,-1323
MTR_301,20211123,491000,464794,3,465904,465907,25096,-1110,-1113
MTR_301,20211124,458000,408035,11,408923,408934,49077,-888,-899
MTR_301,20211125,437000,406114,5,406941,406946,30059,-827,-832
MTR_301,20211126,534000,528965,5,529937,529942,4063,-972,-977
MTR_301,20211127,429100,385455,7,385979,385986,43121,-524,-531
MTR_301,20211129,431000,411494,8,411863,411871,19137,-369,-377
MTR_301,20211130,423000,412520,8,412870,412878,10130,-350,-358
MTR_301,20211201,534000,490505,5,490884,490889,43116,-379,-384
MTR_301,20211202,444000,425615,0,425895,425895,18105,-280,-280
MTR_301,20211203,611000,547592,8,547900,547908,63100,-308,-316
MTR_301,20211204,535000,516680,6,516895,516901,18105,-215,-221
MTR_301,20211206,464000,423776,3,423930,423933,40070,-154,-157
MTR_301,20211207,347000,305877,3,310635,310638,36365,-4758,-4761
MTR_301,20211208,463000,462790,-3,462974,462971,26,-184,-181
MTR_301,20211209,393000,365868,8,365914,365922,27086,-46,-54
MTR_301,20211210,472000,420880,6,420903,420909,51097,-23,-29
MTR_301,20211211,359000,348880,5,348952,348957,10048,-72,-77
MTR_301,20211213,394000,373862,2,373954,373956,20046,-92,-94
MTR_301,20211214,289000,283939,3,283984,283987,5016,-45,-48
MTR_301,20211215,404000,364883,5,364907,364912,39093,-24,-29
MTR_301,20211216,448000,410809,4,411343,411347,36657,-534,-538
MTR_301,20211217,502000,470745,6,470931,470937,31069,-186,-192
MTR_301,20211218,472000,440733,1,440943,440944,31057,-210,-211
MTR_301,20211220,478000,466683,3,466871,466874,11129,-188,-191
MTR_301,20211221,625000,586630,2,586871,586873,38129,-241,-243
MTR_301,20211222,507100,479757,3,479943,479946,27157,-186,-189
MTR_301,20211223,534000,510816,0,514843,514843,19157,-4027,-4027
MTR_301,20211224,618000,592494,6,597847,597853,20153,-5353,-5359
MTR_301,20211225,407000,401505,3,393386,393389,13614,8119,8116
MTR_301,20211227,562000,539850,7,543873,543880,18127,-4023,-4030
MTR_301,20211228,449706,413831,6,413659,413665,36047,172,166
MTR_301,20211229,506000,480643,3,483914,483917,22086,-3271,-3274
MTR_301,20211230,477000,469914,0,472936,472936,4064,-3022,-3022
MTR_301,20211231,578000,557539,7,560951,560958,17049,-3412,-3419
MTR_301,20220101,366000,320164,4001,331959,335960,34041,-11795,-15796
MTR_301,20220102,12000,11938,0,11998,11998,2,-60,-60
MTR_301,20220103,491000,480701,-3995,472878,468883,18122,7823,11818
MTR_301,20220104,547000,527675,2,529654,529656,17346,-1979,-1981
MTR_301,20220105,295960,257668,9982,258868,268850,37092,-1200,-11182
MTR_301,20220106,198240,197391,64,197520,197584,720,-129,-193
MTR_301,20220107,714410,660169,4,661033,661037,53377,-864,-868
MTR_301,20220108,345300,336135,0,336621,336621,8679,-486,-486
MTR_301,20220110,537100,501607,-5,502147,502142,34953,-540,-535
MTR_301,20220111,196000,187480,-1,187663,187662,8337,-183,-182
MTR_301,20220112,425200,404149,-1,404348,404347,20852,-199,-198
MTR_301,20220113,502100,485944,4,486218,486222,15882,-274,-278
MTR_301,20220114,569000,550831,1,551072,551073,17928,-241,-242
MTR_301,20220115,493000,467086,5,467264,467269,25736,-178,-183
MTR_301,20220117,365000,341433,1,341446,341447,23554,-13,-14
MTR_301,20220118,348100,325610,4,325535,325539,22565,75,71
MTR_301,20220119,357000,336538,-1,336479,336478,20521,59,60
MTR_301,20220120,262000,255684,3,255617,255620,6383,67,64
MTR_301,20220121,490200,474665,1,474324,474325,15876,341,340
MTR_301,20220122,269100,250847,5,250667,250672,18433,180,175
MTR_301,20220124,406100,405772,1,405424,405425,676,348,347
MTR_301,20220125,322200,321980,-2,321586,321584,614,394,396
MTR_301,20220126,235000,231861,6,231660,231666,3340,201,195
MTR_301,20220127,323100,301935,2,301593,301595,21507,342,340
MTR_301,20220128,491000,456757,9,452280,452289,38720,4477,4468
MTR_301,20220129,399200,374002,4,373557,373561,25643,445,441
MTR_301,20220131,584100,548837,5,548186,548191,35914,651,646
MTR_301,20220201,268000,260881,3,260648,260651,7352,233,230
MTR_301,20220202,272000,261878,5,261520,261525,10480,358,353
MTR_301,20220203,236100,211003,3,210767,210770,25333,236,233
MTR_301,20220204,375300,356142,3,355032,355035,20268,1110,1107
MTR_301,20220205,321200,321053,0,320624,320624,576,429,429
MTR_301,20220207,247200,239091,2,238697,238699,8503,394,392
MTR_301,20220208,296000,259882,2,259656,259658,36344,226,224
MTR_301,20220209,224000,213905,4,213659,213663,10341,246,242
MTR_301,20220210,315000,314854,-2,314545,314543,455,309,311
MTR_301,20220211,424000,385827,5,385385,385390,38615,442,437
MTR_301,20220212,315100,269982,3,269638,269641,45462,344,341
MTR_301,20220214,621000,612736,-2,611993,611991,9007,743,745
MTR_301,20220215,616100,547894,4,550376,550380,65724,-2482,-2486
MTR_301,20220216,377200,364083,0,363408,363408,13792,675,675
MTR_301,20220217,229100,229027,1,228580,228581,520,447,446
MTR_301,20220218,492000,466830,7,466281,466288,25719,549,542
MTR_301,20220219,326414,298288,2,291584,291586,34830,6704,6702
MTR_301,20220221,284000,283876,-1,283530,283529,470,346,347
MTR_301,20220222,230100,206005,6,205733,205739,24367,272,266
MTR_301,20220223,376100,321929,0,321620,321620,54480,309,309
MTR_301,20220224,380200,355004,2,354490,354492,25710,514,512
MTR_301,20220225,495000,480745,7,480228,480235,14772,517,510
MTR_301,20220226,296200,278065,3,277618,277621,18582,447,444
MTR_301,20220228,419300,410955,1,420311,420312,-1011,-9356,-9357
MTR_301,20220301,387000,369873,4,359384,359388,27616,10489,10485
MTR_301,20220302,222000,206931,8,206665,206673,15335,266,258
MTR_301,20220303,301100,296970,3,296565,296568,4535,405,402
MTR_301,20220304,479000,470803,3,465290,465293,13710,5513,5510
MTR_301,20220305,344100,313992,7,321413,321420,22687,-7421,-7428
MTR_301,20220306,34000,17995,1,17972,17973,16028,23,22
MTR_301,20220307,377000,363924,5,363366,363371,13634,558,553
MTR_301,20220308,480000,456899,-1,456274,456273,23726,625,626
MTR_301,20220309,433000,414916,7,414316,414323,18684,600,593
MTR_301,20220310,358200,356092,1,355446,355447,2754,646,645
MTR_301,20220311,430200,409064,8,408383,408391,21817,681,673
MTR_301,20220312,364000,363873,1,363407,363408,593,466,465
MTR_301,20220313,32000,25991,0,25948,25948,6052,43,43
MTR_301,20220314,286000,276878,2,276499,276501,9501,379,377
MTR_301,20220315,355100,341018,-3,340505,340502,14595,513,516
MTR_301,20220316,277000,250997,2,250638,250640,26362,359,357
MTR_301,20220317,303200,282215,6,281599,281605,21601,616,610
MTR_301,20220318,428000,406003,4,405324,405328,22676,679,675
MTR_301,20220319,293000,269978,10,268187,268197,24813,1791,1781
MTR_301,20220321,294000,284003,6,274821,274827,19179,9182,9176
MTR_301,20220322,360000,343969,0,343460,343460,16540,509,509
MTR_301,20220323,261100,238026,5,237620,237625,23480,406,401
MTR_301,20220324,194000,178057,4,177728,177732,16272,329,325
MTR_301,20220325,289000,275222,3,274586,274589,14414,636,633
MTR_301,20220326,195000,185130,1,184717,184718,10283,413,412
MTR_301,20220328,394250,378213,2,377577,377579,16673,636,634
MTR_301,20220329,295000,294962,2,294474,294476,526,488,486
MTR_301,20220330,449100,375056,8,374439,374447,74661,617,609
MTR_301,20220331,491000,446873,5,446313,446318,44687,560,555
MTR_301,20220401,362000,355872,6,355380,355386,6620,492,486
MTR_301,20220402,289000,287010,-1,283574,283573,5426,3436,3437
MTR_301,20220404,408100,363219,9,362484,362493,45616,735,726
MTR_301,20220405,266000,251183,-1,250627,250626,15373,556,557
MTR_301,20220406,218000,208148,3,199720,199723,18280,8428,8425
MTR_301,20220407,296000,285163,5,284527,284532,11473,636,631
MTR_301,20220408,477100,397217,5,396404,396409,80696,813,808
MTR_301,20220409,231000,227002,3,226617,226620,4383,385,382
MTR_301,20220411,275000,274885,1,274577,274578,423,308,307
MTR_301,20220412,243000,242823,0,242610,242610,390,213,213
MTR_301,20220413,308000,299849,1,299519,299520,8481,330,329
MTR_301,20220414,203000,187885,5,189998,190003,13002,-2113,-2118
MTR_301,20220415,182000,174872,4,174686,174690,7314,186,182
MTR_301,20220416,371000,353580,5,361400,361405,9600,-7820,-7825
MTR_301,20220418,404100,400235,-1,400371,400370,3729,-136,-135
MTR_301,20220419,412100,340328,18,340538,340556,71562,-210,-228
MTR_301,20220420,333000,329504,4,329487,329491,3513,17,13
MTR_301,20220421,699000,677961,5,677929,677934,21071,32,27
MTR_301,20220422,340000,339663,3,339523,339526,477,140,137
MTR_301,20220424,277000,274979,5,276604,276609,396,-1625,-1630
MTR_301,20220425,261000,240281,4,241609,241613,19391,-1328,-1332
MTR_301,20220426,399000,388203,5,390424,390429,8576,-2221,-2226
MTR_301,20220427,343000,331615,1,333455,333456,9545,-1840,-1841
MTR_301,20220428,468000,450754,3,451394,451397,16606,-640,-643
MTR_301,20220429,373000,366360,1,368408,368409,4592,-2048,-2049
MTR_301,20220501,8000,7943,0,7991,7991,9,-48,-48
MTR_301,20220503,205000,203538,-1,204693,204692,307,-1155,-1154
MTR_301,20220504,267000,265089,2,260617,260619,6383,4472,4470
MTR_301,20220505,413100,372420,6,374497,374503,38603,-2077,-2083
MTR_301,20220506,380000,377285,3,379441,379444,559,-2156,-2159
MTR_301,20220507,321000,314737,2,316508,316510,4492,-1771,-1773
MTR_301,20220508,20000,19856,0,19974,19974,26,-118,-118
MTR_301,20220509,406000,386220,3,388434,388437,17566,-2214,-2217
MTR_301,20220510,374000,345515,3,347446,347449,26554,-1931,-1934
MTR_301,20220511,446000,416010,10,419562,419572,26438,-3552,-3562
MTR_301,20220512,411000,397145,2,399375,399377,11625,-2230,-2232
MTR_301,20220513,541000,519262,4,530175,530179,10825,-10913,-10917
MTR_301,20220514,321000,288920,5,290187,290192,30813,-1267,-1272
MTR_301,20220515,17000,16878,-1,16974,16973,26,-96,-95
MTR_301,20220516,301000,298850,-2,300555,300553,445,-1705,-1703
MTR_301,20220517,405000,382246,4,385513,385517,19487,-3267,-3271
MTR_301,20220518,396000,377284,6,379370,379376,16630,-2086,-2092
MTR_301,20220519,431100,410150,6,412307,412313,18793,-2157,-2163
MTR_301,20220520,544000,473590,3,476239,476242,67761,-2649,-2652
MTR_301,20220521,331000,312750,8,314468,314476,16532,-1718,-1726
MTR_301,20220523,431000,406077,8,408294,408302,22706,-2217,-2225
MTR_301,20220524,410000,397139,3,399279,399282,10721,-2140,-2143
MTR_301,20220525,381000,337570,4,327905,327909,53095,9665,9661
MTR_301,20220526,409000,406079,-1,408335,408334,665,-2256,-2255
MTR_301,20220527,447000,428914,6,431368,431374,15632,-2454,-2460
MTR_301,20220528,272000,260127,3,261614,261617,10386,-1487,-1490
MTR_301,20220530,445000,429904,6,432358,432364,12642,-2454,-2460
MTR_301,20220531,355200,329826,3,326527,326530,28673,3299,3296
MTR_301,20220601,504000,413028,8,415148,415156,88852,-2120,-2128
MTR_301,20220602,483000,401112,8,403399,403407,79601,-2287,-2295
MTR_301,20220603,582000,561957,5,565055,565060,16945,-3098,-3103
MTR_301,20220604,414000,396150,4,398348,398352,15652,-2198,-2202
MTR_301,20220606,549000,513307,10,516186,516196,32814,-2879,-2889
MTR_301,20220607,589120,579941,6,583090,583096,6030,-3149,-3155
MTR_301,20220608,526000,504368,11,507250,507261,18750,-2882,-2893
MTR_301,20220609,507000,448769,4,451240,451244,55760,-2471,-2475
MTR_301,20220610,505000,476570,2,479251,479253,25749,-2681,-2683
MTR_301,20220611,435000,404092,4,406349,406353,28651,-2257,-2261
MTR_301,20220613,512000,475578,9,478217,478226,33783,-2639,-2648
MTR_301,20220614,450000,425936,-1,428347,428346,21653,-2411,-2410
MTR_301,20220615,576000,562947,5989,566030,572019,9970,-3083,-9072
MTR_301,20220616,335100,308875,5,310552,310557,24548,-1677,-1682
MTR_301,20220617,428000,395153,0,397408,397408,30592,-2255,-2255
MTR_301,20220618,321000,301827,0,303281,303281,17719,-1454,-1454
MTR_301,20220620,508000,430898,3,433021,433024,74979,-2123,-2126
MTR_301,20220621,387200,378474,-2,380357,380355,6843,-1883,-1881
MTR_301,20220622,393000,354450,4,353180,353184,39820,1270,1266
MTR_301,20220623,353000,338561,1,340400,340401,12600,-1839,-1840
MTR_301,20220624,505100,484606,5,487242,487247,17858,-2636,-2641
MTR_301,20220625,281000,273035,3,274551,274554,6449,-1516,-1519
MTR_301,20220626,16000,15885,0,15981,15981,19,-96,-96
MTR_301,20220627,485000,460681,4,463077,463081,21923,-2396,-2400
MTR_301,20220628,656000,608612,2,611880,611882,44120,-3268,-3270
MTR_301,20220629,667000,608615,2,612124,612126,54876,-3509,-3511
MTR_301,20220630,514300,494735,5,503320,503325,10980,-8585,-8590
MTR_301,20220701,571000,553019,2137,554062,556199,16938,-1043,-3180
MTR_301,20220702,345000,334589,3,336435,336438,8565,-1846,-1849
MTR_301,20220703,16000,15885,0,15980,15980,20,-95,-95
MTR_301,20220704,453000,429907,4,433269,433273,19731,-3362,-3366
MTR_301,20220705,454000,441818,8,444244,444252,9756,-2426,-2434
MTR_301,20220706,393000,382246,-1,384288,384287,8712,-2042,-2041
MTR_301,20220707,445000,416006,7,418299,418306,26701,-2293,-2300
MTR_301,20220708,397200,382445,4,384563,384567,12637,-2118,-2122
MTR_301,20220709,328000,309773,0,311514,311514,16486,-1741,-1741
MTR_301,20220711,96720,87094,2,79878,79880,16842,7216,7214
MTR_301,20220712,134100,133142,-1,133822,133821,278,-680,-679
MTR_301,20220713,155000,145948,2,146780,146782,8220,-832,-834
MTR_301,20220714,239000,237294,-1,238597,238596,403,-1303,-1302
MTR_301,20220715,205000,193605,3,194679,194682,10321,-1074,-1077
MTR_301,20220716,436000,420966,4,435322,435326,678,-14356,-14360
MTR_301,20220718,547000,531173,5,534165,534170,12835,-2992,-2997
MTR_301,20220719,469000,453734,1,455347,455348,13653,-1613,-1614
MTR_301,20220720,475000,450753,3,453355,453358,21645,-2602,-2605
MTR_301,20220721,423000,419976,-1,422334,422333,666,-2358,-2357
MTR_301,20220722,508100,498512,3,501198,501201,6902,-2686,-2689
MTR_301,20220723,349100,346604,3,348444,348447,656,-1840,-1843
MTR_301,20220725,436000,422954,3,425304,425307,10696,-2350,-2353
MTR_301,20220726,435000,402104,5,404311,404316,30689,-2207,-2212
MTR_301,20220727,348000,341539,3,343432,343435,4568,-1893,-1896
MTR_301,20220728,419100,407168,4,409296,409300,9804,-2128,-2132
MTR_301,20220729,348100,345609,4,347508,347512,592,-1899,-1903
MTR_301,20220730,289000,286936,2,288577,288579,423,-1641,-1643
MTR_301,20220801,633000,616555,2,620072,620074,12928,-3517,-3519
MTR_301,20220802,529000,476569,3,479203,479206,49797,-2634,-2637
MTR_301,20220803,609000,599689,2,602954,602956,6046,-3265,-3267
MTR_301,20220804,520000,490467,4,493195,493199,26805,-2728,-2732
MTR_301,20220805,337000,150913,3,95490,95493,241510,55423,55420
MTR_301,20220806,124000,30778,0,0,0,124000,30778,30778
MTR_301,20220808,63000,16879,0,0,0,63000,16879,16879
MTR_301,20220809,10000,9928,0,0,0,10000,9928,9928
MTR_301,20220811,14000,8936,0,0,0,14000,8936,8936
MTR_301,20220812,38000,27799,0,0,0,38000,27799,27799
MTR_301,20220813,14000,13899,0,0,0,14000,13899,13899
MTR_301,20220814,16000,7943,0,0,0,16000,7943,7943
MTR_301,20220815,10000,9928,0,0,0,10000,9928,9928
MTR_301,20220816,27000,18864,0,0,0,27000,18864,18864
MTR_301,20220817,6000,5957,0,0,0,6000,5957,5957
MTR_301,20220818,14000,13900,0,0,0,14000,13900,13900
MTR_301,20220820,30000,21842,0,0,0,30000,21842,21842
MTR_301,20220822,14000,13900,0,0,0,14000,13900,13900
MTR_301,20220823,22000,21842,0,0,0,22000,21842,21842
MTR_301,20220824,26000,25814,0,0,0,26000,25814,25814
MTR_301,20220825,16000,15885,0,0,0,16000,15885,15885
MTR_301,20220921,36000,23828,0,0,0,36000,23828,23828
MTR_301,20220922,33000,32764,0,0,0,33000,32764,32764
MTR_301,20220923,159000,157863,0,122762,122762,36238,35101,35101
MTR_301,20220924,258000,251192,4,252600,252604,5400,-1408,-1412
MTR_301,20220926,350000,309770,4,311481,311485,38519,-1711,-1715
MTR_301,20220927,323000,294877,0,296548,296548,26452,-1671,-1671
MTR_301,20220928,260000,237293,18974,238611,257585,21389,-1318,-20292
MTR_301,20220929,174100,168884,-1,169741,169740,4359,-857,-856
MTR_301,20220930,237000,232327,-1,233662,233661,3338,-1335,-1334
MTR_301,20221001,342000,308775,158748,311540,470288,30460,-2765,-161513
MTR_301,20221004,557100,523296,291556,526218,817774,30882,-2922,-294478
MTR_301,20221005,369000,345532,13968,347485,361453,21515,-1953,-15921
MTR_301,20221006,414100,394918,-2,394407,394405,19693,511,513
MTR_301,20221007,435000,420081,72896,426306,499202,8694,-6225,-79121
MTR_301,20221008,415000,402294,4,408318,408322,6682,-6024,-6028
MTR_301,20221010,309200,289517,7990,283712,291702,25488,5805,-2185
MTR_301,20221011,374000,354779,4,357427,357431,16573,-2648,-2652
MTR_301,20221012,464100,449101,2,437347,437349,26753,11754,11752
MTR_301,20221013,506000,484715,2,488306,488308,17694,-3591,-3593
MTR_301,20221014,610000,577889,4,582145,582149,27855,-4256,-4260
MTR_301,20221015,570100,558497,7,566102,566109,3998,-7605,-7612
MTR_301,20221017,388100,374638,29949,379363,409312,8737,-4725,-34674
MTR_301,20221018,286100,276278,4,279599,279603,6501,-3321,-3325
MTR_301,20221019,352200,335741,4,339497,339501,12703,-3756,-3760
MTR_301,20221020,33000,32584,383361,32937,416298,63,-353,-383714
MTR_301,20221021,503100,479240,-1,484256,484255,18844,-5016,-5015
MTR_301,20221022,349100,327578,0,330510,330510,18590,-2932,-2932
MTR_301,20221024,370000,358340,2,361349,361351,8651,-3009,-3011
MTR_301,20221025,436000,426713,2,430286,430288,5714,-3573,-3575
MTR_301,20221026,500000,479282,5,481191,481196,18809,-1909,-1914
MTR_301,20221027,526000,494187,4,501173,501177,24827,-6986,-6990
MTR_301,20221028,552100,541018,9,545179,545188,6921,-4161,-4170
MTR_301,20221029,480000,457894,6,461354,461360,18646,-3460,-3466
MTR_301,20221031,635000,597070,9,601042,601051,33958,-3972,-3981
MTR_301,20221101,314000,308196,0,310471,310471,3529,-2275,-2275
MTR_301,20221102,345100,331943,2,334488,334490,10612,-2545,-2547
MTR_301,20221103,352000,348808,-2,351423,351421,577,-2615,-2613
MTR_301,20221104,377000,368772,2996,371373,374369,5627,-2601,-5597
MTR_301,20221105,258000,255831,2,257580,257582,420,-1749,-1751
MTR_301,20221106,29000,18846,1,18982,18983,10018,-136,-137
MTR_301,20221107,339000,336395,0,338471,338471,529,-2076,-2076
MTR_301,20221108,359000,340428,3,342469,342472,16531,-2041,-2044
MTR_301,20221109,400000,383268,-3,385410,385407,14590,-2142,-2139
MTR_301,20221110,318000,307908,1,309522,309523,8478,-1614,-1615
MTR_301,20221111,460000,433111,3,435279,435282,24721,-2168,-2171
MTR_301,20221112,292000,290110,1,291537,291538,463,-1427,-1428
MTR_301,20221114,385000,341757,0,343470,343470,41530,-1713,-1713
MTR_301,20221115,418100,415150,3,416896,416899,1204,-1746,-1749
MTR_301,20221116,393000,377355,2,379398,379400,13602,-2043,-2045
MTR_301,20221117,523000,519429,-1,522192,522191,808,-2763,-2762
MTR_301,20221118,508000,477840,1,480249,480250,27751,-2409,-2410
MTR_301,20221119,352100,341968,-1,343498,343497,8602,-1530,-1529
MTR_301,20221120,19000,18889,1,18974,18975,26,-85,-86
MTR_301,20221121,398200,396008,2,397511,397513,689,-1503,-1505
MTR_301,20221122,401000,412709,13737,400369,414106,631,12340,-1397
MTR_301,20221123,375000,372974,1,374399,374400,601,-1425,-1426
MTR_301,20221124,355000,335241,7,328441,328448,26559,6800,6793
MTR_301,20221125,473000,468416,1,470238,470239,2762,-1822,-1823
MTR_301,20221126,254000,248564,4,249566,249570,4434,-1002,-1006
MTR_301,20221128,363000,345193,2,346489,346491,16511,-1296,-1298
MTR_301,20221129,209000,200057,0,200664,200664,8336,-607,-607
MTR_301,20221130,295000,283782,1415,283146,284561,11854,636,-779
MTR_301,20221201,316100,298901,6,305593,305599,10507,-6692,-6698
MTR_301,20221202,411000,397590,-1,402382,402381,8618,-4792,-4791
MTR_301,20221203,399000,380837,-3,385403,385400,13597,-4566,-4563
MTR_301,20221204,14000,13958,0,13972,13972,28,-14,-14
MTR_301,20221205,476100,457785,0,458315,458315,17785,-530,-530
MTR_301,20221206,485100,462444,4,468335,468339,16765,-5891,-5895
MTR_301,20221207,501000,459262,3,460290,460293,40710,-1028,-1031
MTR_301,20221208,322000,300876,5,301544,301549,20456,-668,-673
MTR_301,20221209,299000,297924,-1,298556,298555,444,-632,-631
MTR_301,20221210,235000,234172,-1,234638,234637,362,-466,-465
MTR_301,20221212,210000,197282,4,197714,197718,12286,-432,-436
MTR_301,20221213,121000,120496,0,120819,120819,181,-323,-323
MTR_301,20221214,165000,164307,-2,164738,164736,262,-431,-429
MTR_301,20221215,177000,176292,-1,176741,176740,259,-449,-448
MTR_301,20221216,491000,476229,4,477197,477201,13803,-968,-972
MTR_301,20221217,398000,384600,-4,385415,385411,12585,-815,-811
MTR_301,20221218,46000,25909,0,25944,25944,20056,-35,-35
MTR_301,20221219,562000,485202,-3,482242,482239,79758,2960,2963
MTR_301,20221220,496000,480268,-2,481245,481243,14755,-977,-975
MTR_301,20221221,386000,376724,1,377401,377402,8599,-677,-678
MTR_301,20221222,357000,351834,4,352441,352445,4559,-607,-611
MTR_301,20221223,644100,594174,3,595096,595099,49004,-922,-925
MTR_301,20221224,310100,309110,-2,309588,309586,512,-478,-476
MTR_301,20221226,411100,389894,4,390488,390492,20612,-594,-598
MTR_301,20221227,504000,489543,0,495149,495149,8851,-5606,-5606
MTR_301,20221228,532000,491775,-3,492177,492174,39823,-402,-399
MTR_301,20221229,578000,553715,0,555077,555077,22923,-1362,-1362
MTR_301,20221230,546420,527907,-2,531011,531009,15409,-3104,-3102
MTR_301,20221231,223000,216173,1,216640,216641,6360,-467,-468
MTR_301,20230101,70000,69741,2,69888,69890,112,-147,-149
MTR_301,20230102,415100,413881,1,414367,414368,733,-486,-487
MTR_301,20230103,142330,131947,9990,132216,142206,10114,-269,-10259
MTR_301,20230104,393000,379904,1,380986,380987,12014,-1082,-1083
MTR_301,20230105,419000,394881,4,396000,396004,23000,-1119,-1123
MTR_301,20230106,371000,362001,4,363013,363017,7987,-1012,-1016
MTR_301,20230107,259000,236395,4,240836,240840,18164,-4441,-4445
MTR_301,20230108,18000,17953,0,18002,18002,-2,-49,-49
MTR_301,20230109,436100,421912,2,423098,423100,13002,-1186,-1188
MTR_301,20230110,284000,273165,1,279092,279093,4908,-5927,-5928
MTR_301,20230111,221000,186418,1,187014,187015,33986,-596,-597
MTR_301,20230112,283000,276182,-1,277024,277023,5976,-842,-841
MTR_301,20230113,344000,317773,1,317984,317985,26016,-211,-212
MTR_301,20230114,244000,241743,0,241998,241998,2002,-255,-255
MTR_301,20230115,35000,29963,0,35001,35001,-1,-5038,-5038
MTR_301,20230116,373000,364637,5,365008,365013,7992,-371,-376
MTR_301,20230117,448000,421612,-2,422479,422477,25521,-867,-865
MTR_301,20230118,307000,301784,-1,302029,302028,4971,-245,-244
MTR_301,20230119,317000,306179,1,305992,305993,11008,187,186
MTR_301,20230120,383000,360287,4,359977,359981,23023,310,306
MTR_301,20230121,244000,223942,4,223998,224002,20002,-56,-60
MTR_301,20230123,298000,278024,4,278004,278008,19996,20,16
MTR_301,20230124,321000,309019,1,309015,309016,11985,4,3
MTR_301,20230125,298000,281212,1,281026,281027,16974,186,185
MTR_301,20230126,290000,252397,2,252023,252025,37977,374,372
MTR_301,20230127,343000,343455,3,343025,343028,-25,430,427
MTR_301,20230128,234000,212378,1,212024,212025,21976,354,353
MTR_301,20230130,442100,403582,4,400995,400999,41105,2587,2583
MTR_301,20230131,297000,284362,4,284014,284018,12986,348,344
MTR_301,20230201,252000,236296,0,236015,236015,15985,281,281
MTR_301,20230202,284000,274319,-3,274002,273999,9998,317,320
MTR_301,20230203,356000,356420,2,355975,355977,25,445,443
MTR_301,20230204,232000,232245,2,232009,232011,-9,236,234
MTR_301,20230206,344000,338305,1,337990,337991,6010,315,314
MTR_301,20230207,363100,327422,2,327043,327045,36057,379,377
MTR_301,20230208,343000,325536,-1,325009,325008,17991,527,528
MTR_301,20230209,323000,310402,1,309946,309947,13054,456,455
MTR_301,20230210,357000,306266,2,307989,307991,49011,-1723,-1725
MTR_301,20230211,195000,179176,0,179004,179004,15996,172,172
MTR_301,20230213,216000,216182,-1,215998,215997,2,184,185
MTR_301,20230214,279000,168130,2,168012,168014,110988,118,116
MTR_301,20230215,379000,359263,2,358096,358098,20904,1167,1165
MTR_301,20230216,428000,414294,0,414025,414025,13975,269,269
MTR_301,20230217,492000,452278,8,452053,452061,39947,225,217
MTR_301,20230218,312000,302170,3,302003,302006,9997,167,164
MTR_301,20230220,471000,424276,0,424031,424031,46969,245,245
MTR_301,20230221,437000,418144,-1,418034,418033,18966,110,111
MTR_301,20230222,324000,290545,4,291018,291022,32982,-473,-477
MTR_301,20230223,288000,287248,1,288017,288018,-17,-769,-770
MTR_301,20230224,441000,439952,1,440986,440987,14,-1034,-1035
MTR_301,20230225,255000,246485,-2,246982,246980,8018,-497,-495
MTR_301,20230226,30000,29945,0,29996,29996,4,-51,-51
MTR_301,20230227,284000,253556,0,253967,253967,30033,-411,-411
MTR_301,20230228,97000,96847,1,97000,97001,0,-153,-154
MTR_301,20230301,337274,318705,0,320257,320257,17017,-1552,-1552
MTR_301,20230302,498000,479615,3,480012,480015,17988,-397,-400
MTR_301,20230303,424000,420791,2,424053,424055,-53,-3262,-3264
MTR_301,20230304,309000,289899,3,290038,290041,18962,-139,-142
MTR_301,20230306,363000,362892,0,359002,359002,3998,3890,3890
MTR_301,20230307,370000,359795,0,360003,360003,9997,-208,-208
MTR_301,20230308,305000,299759,1,300002,300003,4998,-243,-244
MTR_301,20230309,313000,312750,-1,313014,313013,-14,-264,-263
MTR_301,20230310,391000,371734,0,376613,376613,14387,-4879,-4879
MTR_301,20230311,296000,260892,7,261022,261029,34978,-130,-137
MTR_301,20230313,546000,476670,-1,478094,478093,67906,-1424,-1423
MTR_301,20230314,423000,387676,2,377060,377062,45940,10616,10614
MTR_301,20230315,458000,435647,2,436006,436008,21994,-359,-361
MTR_301,20230316,287000,276656,2,277005,277007,9995,-349,-351
MTR_301,20230317,419000,408822,4,410027,410031,8973,-1205,-1209
MTR_301,20230318,212000,204386,0,204990,204990,7010,-604,-604
MTR_301,20230320,135000,134436,0,135003,135003,-3,-567,-567
MTR_301,20230323,58000,57765,0,58002,58002,-2,-237,-237
MTR_301,20230324,351000,344604,7,346011,346018,4989,-1407,-1414
MTR_301,20230325,191100,176738,2,177063,177065,14037,-325,-327
MTR_301,20230327,283000,259956,2,260999,261001,22001,-1043,-1045
MTR_301,20230328,209000,208205,-2,209026,209024,-26,-821,-819
MTR_301,20230329,274000,273006,0,273981,273981,19,-975,-975
MTR_301,20230330,266000,262360,-1,262985,262984,3015,-625,-624
MTR_301,20230331,155000,145646,2,145991,145993,9009,-345,-347
MTR_301,20230401,357000,340169,6,340981,340987,16019,-812,-818
MTR_301,20230403,434000,423821,2,424990,424992,9010,-1169,-1171
MTR_301,20230404,455000,389866,4,391004,391008,63996,-1138,-1142
MTR_301,20230405,764000,449693,0,471755,471755,292245,-22062,-22062
MTR_301,20230406,423000,327083,2,307016,307018,115984,20067,20065
MTR_301,20230407,442000,417594,1,419037,419038,22963,-1443,-1444
MTR_301,20230408,251000,240227,0,240998,240998,10002,-771,-771
MTR_301,20230410,465100,427750,4,429064,429068,36036,-1314,-1318
MTR_301,20230411,285000,277085,3,278017,278020,6983,-932,-935
MTR_301,20230412,331000,329939,3,331043,331046,-43,-1104,-1107
MTR_301,20230413,332000,305229,1,306037,306038,25963,-808,-809
MTR_301,20230414,282000,273307,5,274045,274050,7955,-738,-743
MTR_301,20230415,253000,237298,0,241012,241012,11988,-3714,-3714
MTR_301,20230417,293000,291365,1,292988,292989,12,-1623,-1624
MTR_301,20230418,395100,383226,1,385010,385011,10090,-1784,-1785
MTR_301,20230419,393000,374220,3,375992,375995,17008,-1772,-1775
MTR_301,20230420,314000,296483,2,298002,298004,15998,-1519,-1521
MTR_301,20230421,191000,182007,-1,178423,178422,12577,3584,3585
MTR_301,20230424,102000,78584,2,78992,78994,23008,-408,-410
MTR_301,20230425,224000,222828,3,223987,223990,13,-1159,-1162
MTR_301,20230426,325000,313305,3,314983,314986,10017,-1678,-1681
MTR_301,20230427,284000,210834,4,211998,212002,72002,-1164,-1168
MTR_301,20230428,328000,311274,4,312990,312994,15010,-1716,-1720
MTR_301,20230429,315000,313255,4,315003,315007,-3,-1748,-1752
MTR_301,20230430,60000,44750,-15003,60006,45003,-6,-15256,-253
MTR_301,20230501,177000,168061,0,168993,168993,8007,-932,-932
MTR_301,20230502,434000,406693,-3,409023,409020,24977,-2330,-2327
MTR_301,20230503,553000,529975,1,533025,533026,19975,-3050,-3051
MTR_301,20230504,617000,571023,0,572958,572958,44042,-1935,-1935
MTR_301,20230505,409000,401561,4,406972,406976,2028,-5411,-5415
MTR_301,20230506,414000,372065,3,375963,375966,38037,-3898,-3901
MTR_301,20230507,15000,14838,0,15000,15000,0,-162,-162
MTR_301,20230508,833000,406680,4,392169,392173,440831,14511,14507
MTR_301,20230509,665100,363315,1,359322,359323,305778,3993,3992
MTR_301,20230510,637000,361290,3,350341,350344,286659,10949,10946
MTR_301,20230511,487000,383138,0,379378,379378,107622,3760,3760
MTR_301,20230512,590000,344905,1,344699,344700,245301,206,205
MTR_301,20230513,301000,166642,1,160835,160836,140165,5807,5806
MTR_301,20230514,18000,15873,1,15997,15998,2003,-124,-125
MTR_301,20230515,713100,327514,-1,303822,303821,409278,23692,23693
MTR_301,20230516,1094000,444519,3,415087,415090,678913,29432,29429
MTR_301,20230517,709000,328480,1,313913,313914,395087,14567,14566
MTR_301,20230518,504000,422844,8,425156,425164,78844,-2312,-2320
MTR_301,20230519,500000,248223,2,234218,234220,265782,14005,14003
MTR_301,20230520,560000,246427,5,227096,227101,332904,19331,19326
MTR_301,20230522,964000,396602,2,383139,383141,580861,13463,13461
MTR_301,20230523,412000,300250,3,299920,299923,112080,330,327
MTR_301,20230524,403000,299282,2,298707,298709,104293,575,573
MTR_301,20230525,426100,250661,0,234006,234006,192094,16655,16655
MTR_301,20230526,609000,368882,6,353006,353012,255994,15876,15870
MTR_301,20230527,584000,291309,9,263251,263260,320749,28058,28049
MTR_301,20230529,631000,314195,6,275964,275970,355036,38231,38225
MTR_301,20230530,428000,403619,6,405971,405977,22029,-2352,-2358
MTR_301,20230531,556000,507436,2,510966,510968,45034,-3530,-3532
MTR_301,20230601,388000,354502,5,356969,356974,31031,-2467,-2472
MTR_301,20230602,512000,489511,7999,492990,500989,19010,-3479,-11478
MTR_301,20230603,286000,267139,2,269010,269012,16990,-1871,-1873
MTR_301,20230605,401000,379257,5,382026,382031,18974,-2769,-2774
MTR_301,20230606,620000,302782,11,295277,295288,324723,7505,7494
MTR_301,20230607,562000,289842,8,280599,280607,281401,9243,9235
MTR_301,20230608,533000,222375,7,213851,213858,319149,8524,8517
MTR_301,20230609,433000,289190,3,276061,276064,156939,13129,13126
MTR_301,20230610,545000,199030,7,182646,182653,362354,16384,16377
MTR_301,20230612,378100,239848,2,238617,238619,139483,1231,1229
MTR_301,20230613,325000,274530,2,274819,274821,50181,-289,-291
MTR_301,20230614,634000,266498,2,249414,249416,384586,17084,17082
MTR_301,20230615,354000,250520,2,227889,227891,126111,22631,22629
MTR_301,20230616,362100,332888,-1,330732,330731,31368,2156,2157
MTR_301,20230617,331000,227245,-2,228987,228985,102013,-1742,-1740
MTR_301,20230619,798000,249621,-2,240133,240131,557867,9488,9490
MTR_301,20230620,307000,297309,-3,299008,299005,7992,-1699,-1696
MTR_301,20230621,472000,298173,-2,290540,290538,181460,7633,7635
MTR_301,20230622,353000,322290,0,324979,324979,28021,-2689,-2689
MTR_301,20230623,466000,435317,1,438989,438990,27011,-3672,-3673
MTR_301,20230624,328000,302425,2,304996,304998,23004,-2571,-2573
MTR_301,20230625,30000,29737,-2,29952,29950,48,-215,-213
MTR_301,20230626,469000,441107,6,445020,445026,23980,-3913,-3919
MTR_301,20230627,376000,334783,3,332654,332657,43346,2129,2126
MTR_301,20230628,699000,340686,9,319998,320007,379002,20688,20679
MTR_301,20230630,74000,73224,0,73988,73988,12,-764,-764
MTR_301,20230701,78000,77209,1,77999,78000,1,-790,-791
MTR_301,20230703,473000,297925,2,294201,294203,178799,3724,3722
MTR_301,20230704,576000,368203,3,364359,364362,211641,3844,3841
MTR_301,20230705,369000,270232,0,272997,272997,96003,-2765,-2765
MTR_301,20230706,371000,234596,5,237005,237010,133995,-2409,-2414
MTR_301,20230707,524000,399910,5,399102,399107,124898,808,803
MTR_301,20230708,244000,146462,-1,147988,147987,96012,-1526,-1525
MTR_301,20230710,533000,337447,1,332313,332314,200687,5134,5133
MTR_301,20230711,493000,431209,1,430544,430545,62456,665,664
MTR_301,20230712,432000,261676,4,263986,263990,168014,-2310,-2314
MTR_301,20230713,928000,255688,4,240634,240638,687366,15054,15050
MTR_301,20230714,824000,348776,6,352806,352812,471194,-4030,-4036
MTR_301,20230715,832000,152570,6,152956,152962,679044,-386,-392
MTR_301,20230717,1239000,395998,10,393066,393076,845934,2932,2922
MTR_301,20230718,1095000,355670,1,327760,327761,767240,27910,27909
MTR_301,20230719,299000,273687,1,276993,276994,22007,-3306,-3307
MTR_302,20210927,5000,4960,1,26980,26981,-21980,-22020,-22021
MTR_302,20210928,74000,70407,-3,70956,70953,3044,-549,-546
MTR_302,20210929,89000,88237,2,88939,88941,61,-702,-704
MTR_302,20210930,109000,101070,-2,101943,101941,7057,-873,-871
MTR_302,20211001,126100,62494,0,63053,63053,63047,-559,-559
MTR_302,20211002,49000,48535,2,48965,48967,35,-430,-432
MTR_302,20211004,177100,104109,1,105026,105027,72074,-917,-918
MTR_302,20211005,95000,68350,520,76446,76966,18554,-8096,-8616
MTR_302,20211006,156000,118862,1,111924,111925,44076,6938,6937
MTR_302,20211007,135100,129843,0,130955,130955,4145,-1112,-1112
MTR_302,20211008,132100,120926,-2,121981,121979,10119,-1055,-1053
MTR_302,20211009,44000,43565,0,43954,43954,46,-389,-389
MTR_302,20211010,33100,32763,-1,33023,33022,77,-260,-259
MTR_302,20211011,236000,108899,0,109901,109901,126099,-1002,-1002
MTR_302,20211012,199300,163676,2997,165013,168010,34287,-1337,-4334
MTR_302,20211013,37000,36622,46942,36959,83901,41,-337,-47279
MTR_302,20211014,26000,21777,66954,30681,97635,-4681,-8904,-75858
MTR_302,20211015,128050,120847,-2,110967,110965,17083,9880,9882
MTR_302,20211016,75100,57552,0,57935,57935,17165,-383,-383
MTR_302,20211018,102100,97498,0,98024,98024,4076,-526,-526
MTR_302,20211019,45000,41789,-1,41964,41963,3036,-175,-174
MTR_302,20211020,44000,43752,0,43965,43965,35,-213,-213
MTR_302,20211021,60000,59640,-1,59949,59948,51,-309,-308
MTR_302,20211022,95100,87560,1,88023,88024,7077,-463,-464
MTR_302,20211023,84000,79525,0,79933,79933,4067,-408,-408
MTR_302,20211024,7000,6955,0,6996,6996,4,-41,-41
MTR_302,20211025,52000,46702,-1,46959,46958,5041,-257,-256
MTR_302,20211026,130000,129154,-2,129908,129906,92,-754,-752
MTR_302,20211027,53000,52649,-1,52968,52967,32,-319,-318
MTR_302,20211028,118000,117204,0,117913,117913,87,-709,-709
MTR_302,20211029,87000,86405,1,86924,86925,76,-519,-520
MTR_302,20211030,88000,87377,1,87913,87914,87,-536,-537
MTR_302,20211101,89000,76415,1,76920,76921,12080,-505,-506
MTR_302,20211102,121000,112133,3,112906,112909,8094,-773,-776
MTR_302,20211103,45000,44684,-1,44947,44946,53,-263,-262
MTR_302,20211104,36000,35765,1,35965,35966,35,-200,-201
MTR_302,20211105,124000,110347,-3,110902,110899,13098,-555,-552
MTR_302,20211106,49000,48739,-1,48959,48958,41,-220,-219
MTR_302,20211108,104000,97575,-1,97914,97913,6086,-339,-338
MTR_302,20211109,86000,85628,0,85928,85928,72,-300,-300
MTR_302,20211110,104080,95696,-2,95988,95986,8092,-292,-290
MTR_302,20211111,53000,50801,0,50938,50938,2062,-137,-137
MTR_302,20211112,129000,109547,-1,109920,109919,19080,-373,-372
MTR_302,20211113,71000,70725,1,70934,70935,66,-209,-210
MTR_302,20211114,6000,5974,0,5995,5995,5,-21,-21
MTR_302,20211115,107000,98599,-1,97949,97948,9051,650,651
MTR_302,20211116,76000,69720,0,69934,69934,6066,-214,-214
MTR_302,20211117,62000,61752,-1,61936,61935,64,-184,-183
MTR_302,20211118,40000,39856,0,39966,39966,34,-110,-110
MTR_302,20211119,131000,122568,-2,122894,122892,8106,-326,-324
MTR_302,20211120,62000,61777,1,61943,61944,57,-166,-167
MTR_302,20211122,137000,134604,3,134891,134894,2109,-287,-290
MTR_302,20211123,63000,59833,0,59940,59940,3060,-107,-107
MTR_302,20211124,38000,37931,0,37966,37966,34,-35,-35
MTR_302,20211125,83000,79826,1,79931,79932,3069,-105,-106
MTR_302,20211126,79000,75813,0,72218,72218,6782,3595,3595
MTR_302,20211127,67000,60882,-2,60942,60940,6058,-60,-58
MTR_302,20211129,29000,28971,0,28972,28972,28,-1,-1
MTR_302,20211130,41000,40954,0,40956,40956,44,-2,-2
MTR_302,20211201,89000,88933,2,88934,88936,66,-1,-3
MTR_302,20211202,52000,49974,1,49949,49950,2051,25,24
MTR_302,20211203,119000,109978,-2,109913,109911,9087,65,67
MTR_302,20211204,75000,70998,1,70908,70909,4092,90,89
MTR_302,20211206,66000,64000,0,63935,63935,2065,65,65
MTR_302,20211207,54000,54011,-1,53934,53933,66,77,78
MTR_302,20211208,42000,42000,-1,41950,41949,50,50,51
MTR_302,20211209,58000,54006,0,53952,53952,4048,54,54
MTR_302,20211210,97000,81005,0,80596,80596,16404,409,409
MTR_302,20211211,74000,71999,-2,71931,71929,2069,68,70
MTR_302,20211213,38000,34990,1,34952,34953,3048,38,37
MTR_302,20211214,54000,53975,1,53954,53955,46,21,20
MTR_302,20211215,47000,46970,1,46832,46833,168,138,137
MTR_302,20211216,82220,80163,1,79939,79940,2281,224,223
MTR_302,20211217,127000,89933,-1,89933,89932,37067,0,1
MTR_302,20211218,111060,81144,-3,80819,80816,30241,325,328
MTR_302,20211220,99000,98895,0,98936,98936,64,-41,-41
MTR_302,20211221,123000,119885,0,119863,119863,3137,22,22
MTR_302,20211222,234100,157923,-1,157907,157906,76193,16,17
MTR_302,20211223,123000,116877,4,116907,116911,6093,-30,-34
MTR_302,20211224,221000,207789,2,207813,207815,13187,-24,-26
MTR_302,20211225,71000,70919,0,70100,70100,900,819,819
MTR_302,20211227,92000,85843,-2,85919,85917,6081,-76,-74
MTR_302,20211228,71000,68855,1,68931,68932,2069,-76,-77
MTR_302,20211229,158100,140776,-1,140975,140974,17125,-199,-198
MTR_302,20211230,130100,129871,-1,129964,129963,136,-93,-92
MTR_302,20211231,75000,64903,1,64926,64927,10074,-23,-24
MTR_302,20220101,81000,65928,1,68945,68946,12055,-3017,-3018
MTR_302,20220102,8000,7991,0,7996,7996,4,-5,-5
MTR_302,20220103,103000,102947,-1,99935,99934,3065,3012,3013
MTR_302,20220104,118000,117964,3,117905,117908,95,59,56
MTR_302,20220105,53100,53085,-1,53081,53080,19,4,5
MTR_302,20220106,84100,80082,-1,79993,79992,4107,89,90
MTR_302,20220107,22000,22004,0,21982,21982,18,22,22
MTR_302,20220108,25000,25006,-1,24973,24972,27,33,34
MTR_302,20220110,86000,86002,0,85927,85927,73,75,75
MTR_302,20220111,18000,18020,-1,17984,17983,16,36,37
MTR_302,20220112,4000,4000,0,3997,3997,3,3,3
MTR_302,20220113,22000,22147,0,21970,21970,30,177,177
MTR_302,20220114,67000,65380,-1,64943,64942,2057,437,438
MTR_302,20220115,77000,69366,-1,68935,68934,8065,431,432
MTR_302,20220117,51000,51220,0,50965,50965,35,255,255
MTR_302,20220118,62000,40153,0,39959,39959,22041,194,194
MTR_302,20220119,37000,37128,1,36958,36959,42,170,169
MTR_302,20220120,37000,31098,1,30972,30973,6028,126,125
MTR_302,20220121,57000,57168,0,56946,56946,54,222,222
MTR_302,20220122,44000,42110,0,41966,41966,2034,144,144
MTR_302,20220124,48000,48099,1,47958,47959,42,141,140
MTR_302,20220125,19000,19039,-1,18980,18979,20,59,60
MTR_302,20220126,185000,37070,-1,36969,36968,148031,101,102
MTR_302,20220127,133000,79127,-4,78944,78940,54056,183,187
MTR_302,20220128,122000,47063,1,46953,46954,75047,110,109
MTR_302,20220129,142000,41043,2,40954,40956,101046,89,87
MTR_302,20220131,252000,75059,2,74927,74929,177073,132,130
MTR_302,20220201,96000,41025,1,40955,40956,55045,70,69
MTR_302,20220202,130000,24011,-1,23968,23967,106032,43,44
MTR_302,20220203,140200,97241,1,97056,97057,43144,185,184
MTR_302,20220204,107000,67024,2,59708,59710,47292,7316,7314
MTR_302,20220205,47000,16004,-2,15982,15980,31018,22,24
MTR_302,20220207,121000,108005,1,107904,107905,13096,101,100
MTR_302,20220208,71431,36477,1,34968,34969,36463,1509,1508
MTR_302,20220209,143615,51611,3,43957,43960,99658,7654,7651
MTR_302,20220210,99000,46992,2,46953,46955,52047,39,37
MTR_302,20220211,163000,36995,-1,36962,36961,126038,33,34
MTR_302,20220212,251174,70163,-1,64028,64027,187146,6135,6136
MTR_302,20220214,228950,26946,-1,22981,22980,205969,3965,3966
MTR_302,20220218,97100,30089,0,30011,30011,67089,78,78
MTR_302,20220219,52000,16992,0,16984,16984,35016,8,8
MTR_302,20220221,89000,16991,1,16991,16992,72009,0,-1
MTR_302,20220222,86000,13990,1,13993,13994,72007,-3,-4
MTR_302,20220223,20000,5995,1,5994,5995,14006,1,0
MTR_302,20220225,16000,7992,0,2550,2550,13450,5442,5442
MTR_302,20220226,26100,10094,0,10002,10002,16098,92,92
MTR_302,20220301,28000,8990,1,8992,8993,19008,-2,-3
MTR_302,20220303,9000,2997,-1,2997,2996,6003,0,1
MTR_302,20220310,16000,3999,0,3997,3997,12003,2,2
MTR_302,20220330,3000,2998,6023,2998,9021,2,0,-6023
MTR_302,20220331,27000,21985,2,21985,21987,5015,0,-2
MTR_302,20220401,27000,26975,1,26978,26979,22,-3,-4
MTR_302,20220402,33000,32986,0,32971,32971,29,15,15
MTR_302,20220404,20000,20003,28976,19985,48961,15,18,-28958
MTR_302,20220405,10000,10003,0,9992,9992,8,11,11
MTR_302,20220406,27000,27018,0,26984,26984,16,34,34
MTR_302,20220407,29000,29011,2,28977,28979,23,34,32
MTR_302,20220408,69000,61012,-1,60965,60964,8035,47,48
MTR_302,20220409,56000,55997,0,55968,55968,32,29,29
MTR_302,20220411,52000,51919,-1,51971,51970,29,-52,-51
MTR_302,20220412,39000,38934,0,38978,38978,22,-44,-44
MTR_302,20220413,39000,36940,2,36967,36969,2033,-27,-29
MTR_302,20220414,30000,24953,0,24980,24980,5020,-27,-27
MTR_302,20220415,55100,54968,1,55024,55025,76,-56,-57
MTR_302,20220416,81000,77809,-1,77944,77943,3056,-135,-134
MTR_302,20220418,134000,128512,1,128936,128937,5064,-424,-425
MTR_302,20220419,80000,79700,0,79951,79951,49,-251,-251
MTR_302,20220420,47000,46831,0,46975,46975,25,-144,-144
MTR_302,20220421,116000,115601,0,115927,115927,73,-326,-326
MTR_302,20220422,92000,91715,2,91938,91940,62,-223,-225
MTR_302,20220424,120000,115335,-1,115932,115931,4068,-597,-596
MTR_302,20220425,57000,52699,1,52958,52959,4042,-259,-260
MTR_302,20220426,83000,76554,-1,76944,76943,6056,-390,-389
MTR_302,20220427,83000,80529,0,80952,80952,2048,-423,-423
MTR_302,20220428,85000,84508,-1,84952,84951,48,-444,-443
MTR_302,20220429,101000,94451,0,94950,94950,6050,-499,-499
MTR_302,20220501,5000,4971,0,4995,4995,5,-24,-24
MTR_302,20220503,69000,68600,0,68964,68964,36,-364,-364
MTR_302,20220504,71000,70589,0,70953,70953,47,-364,-364
MTR_302,20220505,103000,99421,0,99943,99943,3057,-522,-522
MTR_302,20220506,171200,170206,0,171071,171071,129,-865,-865
MTR_302,20220507,77000,76553,-1,76950,76949,50,-397,-396
MTR_302,20220509,78000,77549,0,77962,77962,38,-413,-413
MTR_302,20220510,62000,49710,-3,49966,49963,12034,-256,-253
MTR_302,20220511,147100,142271,0,143003,143003,4097,-732,-732
MTR_302,20220512,74000,73569,0,73959,73959,41,-390,-390
MTR_302,20220513,192000,171997,3,172901,172904,19099,-904,-907
MTR_302,20220514,90000,83513,0,83932,83932,6068,-419,-419
MTR_302,20220516,119000,107374,1,107932,107933,11068,-558,-559
MTR_302,20220517,90000,89479,3,89954,89957,46,-475,-478
MTR_302,20220518,103000,92460,-2,92958,92956,10042,-498,-496
MTR_302,20220519,72000,57665,3,57965,57968,14035,-300,-303
MTR_302,20220520,114000,87488,4,95944,95948,18056,-8456,-8460
MTR_302,20220521,64000,60649,-2,60968,60966,3032,-319,-317
MTR_302,20220523,109100,106477,-1,105245,105244,3855,1232,1233
MTR_302,20220524,95000,94450,-4,94958,94954,42,-508,-504
MTR_302,20220525,110000,103396,-3,98254,98251,11746,5142,5145
MTR_302,20220526,149100,140281,-1,141023,141022,8077,-742,-741
MTR_302,20220527,183000,176969,1,177891,177892,5109,-922,-923
MTR_302,20220528,60000,59652,-1,59948,59947,52,-296,-295
MTR_302,20220530,134100,130338,-4,130899,130895,3201,-561,-557
MTR_302,20220531,89000,88485,1,88938,88939,62,-453,-454
MTR_302,20220601,149000,141176,1,141896,141897,7104,-720,-721
MTR_302,20220602,126000,117316,1,117899,117900,8101,-583,-584
MTR_302,20220603,62000,61639,0,61934,61934,66,-295,-295
MTR_302,20220604,69000,68599,0,68944,68944,56,-345,-345
MTR_302,20220606,121000,118310,1,118934,118935,2066,-624,-625
MTR_302,20220607,96000,95445,1,95935,95936,65,-490,-491
MTR_302,20220608,106000,105387,-2,105931,105929,69,-544,-542
MTR_302,20220609,56000,55678,0,55964,55964,36,-286,-286
MTR_302,20220610,154100,146244,1,146968,146969,7132,-724,-725
MTR_302,20220611,128000,127259,0,127939,127939,61,-680,-680
MTR_302,20220613,106000,99418,0,99937,99937,6063,-519,-519
MTR_302,20220614,211000,202816,3,203887,203890,7113,-1071,-1074
MTR_302,20220615,66000,65617,-2,65963,65961,37,-346,-344
MTR_302,20220616,33000,28833,0,28978,28978,4022,-145,-145
MTR_302,20220617,112000,104390,0,104938,104938,7062,-548,-548
MTR_302,20220618,71000,70590,0,70958,70958,42,-368,-368
MTR_302,20220620,125100,124376,0,125035,125035,65,-659,-659
MTR_302,20220621,82000,81523,-1,81946,81945,54,-423,-422
MTR_302,20220622,115100,112442,1,113008,113009,2092,-566,-567
MTR_302,20220623,89000,88482,-2,88936,88934,64,-454,-452
MTR_302,20220624,90000,89479,-1,89958,89957,42,-479,-478
MTR_302,20220625,83000,82518,-4,82957,82953,43,-439,-435
MTR_302,20220627,87000,77548,0,77945,77945,9055,-397,-397
MTR_302,20220628,90000,89478,2,89944,89946,56,-466,-468
MTR_302,20220629,116000,113339,-1,113938,113937,2062,-599,-598
MTR_302,20220630,104000,103397,-1,103941,103940,59,-544,-543
MTR_302,20220701,92000,91468,-1,91938,91937,62,-470,-469
MTR_302,20220702,67000,66613,1,66956,66957,44,-343,-344
MTR_302,20220704,89000,88487,0,88946,88946,54,-459,-459
MTR_302,20220705,123000,120296,2,120919,120921,2081,-623,-625
MTR_302,20220706,100000,96439,0,96940,96940,3060,-501,-501
MTR_302,20220707,134100,133324,-2,133967,133965,133,-643,-641
MTR_302,20220708,137100,132328,1,132955,132956,4145,-627,-628
MTR_302,20220709,97100,79638,0,79977,79977,17123,-339,-339
MTR_302,20220711,35000,28831,-1,28981,28980,6019,-150,-149
MTR_302,20220712,37000,36786,0,36977,36977,23,-191,-191
MTR_302,20220713,42000,41756,2,41970,41972,30,-214,-216
MTR_302,20220714,41000,40762,0,40971,40971,29,-209,-209
MTR_302,20220715,75000,38774,1,38978,38979,36022,-204,-205
MTR_302,20220716,304100,125367,-2,126001,125999,178099,-634,-632
MTR_302,20220718,187000,119304,1,119926,119927,67074,-622,-623
MTR_302,20220719,175000,116326,2,116932,116934,58068,-606,-608
MTR_302,20220720,213000,109362,-3,109947,109944,103053,-585,-582
MTR_302,20220721,194000,106380,1,106937,106938,87063,-557,-558
MTR_302,20220722,344000,139187,4,139921,139925,204079,-734,-738
MTR_302,20220723,311886,81964,-2,76958,76956,234928,5006,5008
MTR_302,20220725,90000,89480,-2,89946,89944,54,-466,-464
MTR_302,20220726,123000,122285,2,122929,122931,71,-644,-646
MTR_302,20220727,110000,57666,2,57959,57961,52041,-293,-295
MTR_302,20220728,115000,75561,0,75958,75958,39042,-397,-397
MTR_302,20220729,325000,124275,-4,124940,124936,200060,-665,-661
MTR_302,20220730,65000,48715,0,48954,48954,16046,-239,-239
MTR_302,20220801,155000,118307,3,118887,118890,36113,-580,-583
MTR_302,20220802,383000,103396,-1,103941,103940,279059,-545,-544
MTR_302,20220803,419000,151117,2,151905,151907,267095,-788,-790
MTR_302,20220804,145000,100418,-2,100942,100940,44058,-524,-522
MTR_302,20220805,133000,88483,4,88949,88953,44051,-466,-470
MTR_302,20220806,178000,79537,-1,79957,79956,98043,-420,-419
MTR_302,20220808,165000,96437,1,96942,96943,68058,-505,-506
MTR_302,20220809,154000,49710,-4,49966,49962,104034,-256,-252
MTR_302,20220810,234000,83515,0,83957,83957,150043,-442,-442
MTR_302,20220811,270000,140183,-1,140920,140919,129080,-737,-736
MTR_302,20220812,113000,86494,0,86957,86957,26043,-463,-463
MTR_302,20220813,202000,54681,4,54965,54969,147035,-284,-288
MTR_302,20220814,64000,11931,1,11992,11993,52008,-61,-62
MTR_302,20220815,179000,92463,-1,92953,92952,86047,-490,-489
MTR_302,20220816,155000,78542,3,78945,78948,76055,-403,-406
MTR_302,20220817,117100,114433,0,115004,115004,2096,-571,-571
MTR_302,20220818,273000,102402,6,102947,102953,170053,-545,-551
MTR_302,20220819,122100,84608,2,84957,84959,37143,-349,-351
MTR_302,20220820,201000,102404,-3,102928,102925,98072,-524,-521
MTR_302,20220822,114100,79635,0,80067,80067,34033,-432,-432
MTR_302,20220823,272500,210171,0,211145,211145,61355,-974,-974
MTR_302,20220824,65000,64624,0,64961,64961,39,-337,-337
MTR_302,20220825,59000,58660,-1,58955,58954,45,-295,-294
MTR_302,20220826,86000,77549,-3,77951,77948,8049,-402,-399
MTR_302,20220827,55928,55606,1,49965,49966,5963,5641,5640
MTR_302,20220829,59000,54682,1,54965,54966,4035,-283,-284
MTR_302,20220830,45000,44740,0,44967,44967,33,-227,-227
MTR_302,20220831,69000,63630,2,63954,63956,5046,-324,-326
MTR_302,20220901,40000,39770,-1,39970,39969,30,-200,-199
MTR_302,20220902,188000,89479,1,94992,94993,93008,-5513,-5514
MTR_302,20220903,143100,91566,-1,86926,86925,56174,4640,4641
MTR_302,20220905,73000,70591,0,70944,70944,2056,-353,-353
MTR_302,20220906,105000,104391,-3,104944,104941,56,-553,-550
MTR_302,20220907,109000,82518,0,82951,82951,26049,-433,-433
MTR_302,20220908,204100,126363,-1,126972,126971,77128,-609,-608
MTR_302,20220909,89896,63527,0,60966,60966,28930,2561,2561
MTR_302,20220910,150000,63631,0,63965,63965,86035,-334,-334
MTR_302,20220912,132000,113339,4,113938,113942,18062,-599,-603
MTR_302,20220913,92100,59750,-2,60055,60053,32045,-305,-303
MTR_302,20220914,59000,36787,-1,36975,36974,22025,-188,-187
MTR_302,20220915,48512,42265,-1,41074,41073,7438,1191,1192
MTR_302,20220916,128130,111352,24989,122998,147987,5132,-11646,-36635
MTR_302,20220917,211100,95542,-1,85053,85052,126047,10489,10490
MTR_302,20220919,76000,47721,-1,47968,47967,28032,-247,-246
MTR_302,20220920,263000,133224,1,133927,133928,129073,-703,-704
MTR_302,20220921,172000,148136,-1,148916,148915,23084,-780,-779
MTR_302,20220922,240000,84507,0,84953,84953,155047,-446,-446
MTR_302,20220923,177000,148136,0,148920,148920,28080,-784,-784
MTR_302,20220924,82000,66612,-2,66957,66955,15043,-345,-343
MTR_302,20220925,33100,32907,1,33074,33075,26,-167,-168
MTR_302,20220926,128000,50704,0,50981,50981,77019,-277,-277
MTR_302,20220927,176000,110356,3,110948,110951,65052,-592,-595
MTR_302,20220928,160721,96158,3998,110944,114942,49777,-14786,-18784
MTR_302,20220929,157000,98425,-1,98959,98958,58041,-534,-533
MTR_302,20220930,94000,93455,2,93946,93948,54,-491,-493
MTR_302,20221001,97000,66611,47965,66944,114909,30056,-333,-48298
MTR_302,20221003,17000,16901,76523,0,76523,17000,16901,-59622
MTR_302,20221004,189768,109657,45970,106920,152890,82848,2737,-43233
MTR_302,20221005,145000,115830,1999,116920,118919,28080,-1090,-3089
MTR_302,20221006,93000,85127,0,85948,85948,7052,-821,-821
MTR_302,20221007,150100,120863,92046,122049,214095,28051,-1186,-93232
MTR_302,20221008,67000,66330,2,66529,66531,471,-199,-201
MTR_302,20221010,140000,107913,0,108940,108940,31060,-1027,-1027
MTR_302,20221011,113000,53455,2113,51853,53966,61147,1602,-511
MTR_302,20221012,209000,151874,-3,152925,152922,56075,-1051,-1048
MTR_302,20221013,228000,198494,-2,199899,199897,28101,-1405,-1403
MTR_302,20221014,138000,100256,1,100944,100945,37056,-688,-689
MTR_302,20221015,218000,129033,-2,129932,129930,88068,-899,-897
MTR_302,20221017,123100,116256,41981,116994,158975,6106,-738,-42719
MTR_302,20221018,115100,103335,0,103073,103073,12027,262,262
MTR_302,20221019,60000,59561,-1,59960,59959,40,-399,-398
MTR_302,20221020,34000,23812,110246,23992,134238,10008,-180,-110426
MTR_302,20221021,61000,60575,-1,60962,60961,38,-387,-386
MTR_302,20221022,57000,56594,1,56963,56964,37,-369,-370
MTR_302,20221024,92000,82412,2,82963,82965,9037,-551,-553
MTR_302,20221025,90000,89371,-1,89957,89956,43,-586,-585
MTR_302,20221026,168000,54610,-2,54969,54967,113031,-359,-357
MTR_302,20221027,84000,69498,0,69955,69955,14045,-457,-457
MTR_302,20221028,118000,117171,0,117946,117946,54,-775,-775
MTR_302,20221029,76000,75469,1,75955,75956,45,-486,-487
MTR_302,20221031,86000,73490,1,73954,73955,12046,-464,-465
MTR_302,20221101,49000,48667,1,48974,48975,26,-307,-308
MTR_302,20221102,54000,53642,1,53965,53966,35,-323,-324
MTR_302,20221103,92200,91605,0,92043,92043,157,-438,-438
MTR_302,20221104,126100,101466,1,102046,102047,24054,-580,-581
MTR_302,20221105,30000,29820,1,29985,29986,15,-165,-166
MTR_302,20221107,110300,109666,-2,110037,110035,263,-371,-369
MTR_302,20221108,112100,111453,1,112052,112053,48,-599,-600
MTR_302,20221109,51000,50721,-1,50974,50973,26,-253,-252
MTR_302,20221110,96000,83558,2,83958,83960,12042,-400,-402
MTR_302,20221111,140000,137300,-1,137932,137931,2068,-632,-631
MTR_302,20221112,61000,31840,2,31979,31981,29021,-139,-141
MTR_302,20221114,59000,58712,1,58972,58973,28,-260,-261
MTR_302,20221115,91000,62693,2,62962,62964,28038,-269,-271
MTR_302,20221116,140200,94733,-2,95042,95040,45158,-309,-307
MTR_302,20221117,104000,90555,0,90950,90950,13050,-395,-395
MTR_302,20221118,60000,44796,1,44971,44972,15029,-175,-176
MTR_302,20221119,158000,65729,0,60533,60533,97467,5196,5196
MTR_302,20221120,33100,32983,0,33031,33031,69,-48,-48
MTR_302,20221121,100409,85122,2,77958,77960,22451,7164,7162
MTR_302,20221122,64000,61786,0,61965,61965,2035,-179,-179
MTR_302,20221123,113000,52817,3,52964,52967,60036,-147,-150
MTR_302,20221124,70000,21931,1,21986,21987,48014,-55,-56
MTR_302,20221125,81000,48761,0,48968,48968,32032,-207,-207
MTR_302,20221126,57426,55149,-2,51967,51965,5459,3182,3184
MTR_302,20221127,30300,30152,-1,30156,30155,144,-4,-3
MTR_302,20221128,59423,59149,1,54971,54972,4452,4178,4177
MTR_302,20221129,14000,13942,0,13991,13991,9,-49,-49
MTR_302,20221130,100000,39850,1,39974,39975,60026,-124,-125
MTR_302,20221201,187000,68760,-2,75949,75947,111051,-7189,-7187
MTR_302,20221202,166100,102781,1,103036,103037,63064,-255,-256
MTR_302,20221203,182000,81769,2,81937,81939,100063,-168,-170
MTR_302,20221204,3000,2992,0,2998,2998,2,-6,-6
MTR_302,20221205,142000,68819,3,68949,68952,73051,-130,-133
MTR_302,20221206,71426,43316,1,39968,39969,31458,3348,3347
MTR_302,20221207,124100,88874,1,89050,89051,35050,-176,-177
MTR_302,20221208,84100,79883,1,80036,80037,4064,-153,-154
MTR_302,20221209,87000,86754,3,86949,86952,51,-195,-198
MTR_302,20221210,34000,33901,1,33984,33985,16,-83,-84
MTR_302,20221212,175100,71912,-1,72056,72055,103044,-144,-143
MTR_302,20221213,41000,12964,-1,12993,12992,28007,-29,-28
MTR_302,20221214,77100,76852,0,77051,77051,49,-199,-199
MTR_302,20221215,164000,37889,-5,37979,37974,126021,-90,-85
MTR_302,20221216,109100,108835,1,109013,109014,87,-178,-179
MTR_302,20221217,117000,71831,-1,71959,71958,45041,-128,-127
MTR_302,20221218,12000,9980,0,9993,9993,2007,-13,-13
MTR_302,20221219,58000,55884,2,55960,55962,2040,-76,-78
MTR_302,20221220,111000,54890,-1,54958,54957,56042,-68,-67
MTR_302,20221221,144100,117843,0,117971,117971,26129,-128,-128
MTR_302,20221222,142745,59617,4996,54973,59969,87772,4644,-352
MTR_302,20221223,136000,87828,0,87957,87957,48043,-129,-129
MTR_302,20221224,162000,43921,0,43978,43978,118022,-57,-57
MTR_302,20221226,160000,90829,1,90955,90956,69045,-126,-127
MTR_302,20221227,115300,111072,0,111076,111076,4224,-4,-4
MTR_302,20221228,114100,89877,-2,90065,90063,24035,-188,-186
MTR_302,20221229,157000,78896,1,78958,78959,78042,-62,-63
MTR_302,20221230,66000,65914,1,65956,65957,44,-42,-43
MTR_302,20221231,59000,30966,2,30977,30979,28023,-11,-13
MTR_302,20230101,83200,13184,0,12964,12964,70236,220,220
MTR_302,20230102,284200,204744,0,205125,205125,79075,-381,-381
MTR_302,20230103,44000,43921,1,43969,43970,31,-48,-49
MTR_302,20230104,88000,60901,-1,60971,60970,27029,-70,-69
MTR_302,20230105,171000,116848,1,116936,116937,54064,-88,-89
MTR_302,20230106,117200,116983,-1,117083,117082,117,-100,-99
MTR_302,20230107,120000,53970,-1,53968,53967,66032,2,3
MTR_302,20230108,3000,2995,0,2998,2998,2,-3,-3
MTR_302,20230109,78000,53877,0,53958,53958,24042,-81,-81
MTR_302,20230110,120000,95792,-1,95951,95950,24049,-159,-158
MTR_302,20230111,22000,18968,-1,18987,18986,3013,-19,-18
MTR_302,20230112,61000,24968,0,24988,24988,36012,-20,-20
MTR_302,20230113,109000,50925,-1,50976,50975,58024,-51,-50
MTR_302,20230114,64000,63958,2,60963,60965,3037,2995,2993
MTR_302,20230116,86100,62083,0,61951,61951,24149,132,132
MTR_302,20230117,157000,70982,0,70949,70949,86051,33,33
MTR_302,20230118,114000,59000,-4,58968,58964,55032,32,36
MTR_302,20230119,103000,70035,0,69949,69949,33051,86,86
MTR_302,20230120,157000,58031,-3,57958,57955,99042,73,76
MTR_302,20230121,31000,31015,-1,30977,30976,23,38,39
MTR_302,20230122,14000,13996,-1,13989,13988,11,7,8
MTR_302,20230123,80000,80088,0,79950,79950,50,138,138
MTR_302,20230124,80000,73097,2,72951,72953,7049,146,144
MTR_302,20230125,31000,31068,0,30979,30979,21,89,89
MTR_302,20230126,87000,84225,2,83952,83954,3048,273,271
MTR_302,20230127,71000,65157,0,64958,64958,6042,199,199
MTR_302,20230128,31000,31091,-2,30983,30981,17,108,110
MTR_302,20230130,95100,84345,0,84056,84056,11044,289,289
MTR_302,20230131,101100,91302,-2,91039,91037,10061,263,265
MTR_302,20230201,48000,48139,0,47971,47971,29,168,168
MTR_302,20230202,97000,97255,-1,96943,96942,57,312,313
MTR_302,20230203,111000,111167,-2,110948,110946,52,219,221
MTR_302,20230204,52000,52095,1,51975,51976,25,120,119
MTR_302,20230206,26000,26025,-1,25982,25981,18,43,44
MTR_302,20230207,88200,82301,1,82072,82073,6128,229,228
MTR_302,20230208,78000,78086,0,77963,77963,37,123,123
MTR_302,20230209,91000,91130,-2,90963,90961,37,167,169
MTR_302,20230210,129000,126199,1,125939,125940,3061,260,259
MTR_302,20230211,38000,30051,0,29987,29987,8013,64,64
MTR_302,20230213,26000,26028,-1,25981,25980,19,47,48
MTR_302,20230214,116000,40043,2,35980,35982,80020,4063,4061
MTR_302,20230215,23000,23031,-1,22982,22981,18,49,50
MTR_302,20230216,24000,24026,0,23983,23983,17,43,43
MTR_302,20230217,68000,63063,0,62959,62959,5041,104,104
MTR_302,20230218,36000,36030,0,35971,35971,29,59,59
MTR_302,20230220,40000,40022,1,39981,39982,19,41,40
MTR_302,20230314,103400,53280,1,53806,53807,49594,-526,-527
MTR_302,20230315,59200,55478,3,54644,54647,4556,834,831
MTR_302,20230316,18200,15151,1,14090,14091,4110,1061,1060
MTR_302,20230317,35100,34924,0,34488,34488,612,436,436
MTR_302,20230318,8300,8278,-1,8075,8074,225,203,204
MTR_302,20230324,12000,11956,65489,11994,77483,6,-38,-65527
MTR_302,20230325,62000,22931,-2,22983,22981,39017,-52,-50
MTR_302,20230327,59000,40842,2,40982,40984,18018,-140,-142
MTR_302,20230328,47000,28893,3,28975,28978,18025,-82,-85
MTR_302,20230329,11000,10960,1,10991,10992,9,-31,-32
MTR_302,20230330,131120,78809,-1,79097,79096,52023,-288,-287
MTR_302,20230331,79000,65751,0,65969,65969,13031,-218,-218
MTR_302,20230401,231000,78689,-2,78960,78958,152040,-271,-269
MTR_302,20230403,190100,107625,0,107954,107954,82146,-329,-329
MTR_302,20230404,294000,79661,2,79953,79955,214047,-292,-294
MTR_302,20230405,128000,48800,1,48970,48971,79030,-170,-171
MTR_302,20230406,138100,75809,0,76069,76069,62031,-260,-260
MTR_302,20230407,164000,36858,2,36976,36978,127024,-118,-120
MTR_302,20230408,149000,49804,1,49971,49972,99029,-167,-168
MTR_302,20230410,142000,60738,0,60969,60969,81031,-231,-231
MTR_302,20230411,72000,53752,-1,53972,53971,18028,-220,-219
MTR_302,20230412,50000,41815,1,41969,41970,8031,-154,-155
MTR_302,20230413,39000,38831,-1,38969,38968,31,-138,-137
MTR_302,20230414,300100,88729,1,89009,89010,211091,-280,-281
MTR_302,20230415,57000,53785,1,53965,53966,3035,-180,-181
MTR_302,20230417,247000,66698,-1,66959,66958,180041,-261,-260
MTR_302,20230418,367000,126422,-4,126940,126936,240060,-518,-514
MTR_302,20230419,41000,28871,-2,28980,28978,12020,-109,-107
MTR_302,20230425,3000,2980,0,2997,2997,3,-17,-17
MTR_302,20230426,62000,35783,-1,35977,35976,26023,-194,-193
MTR_302,20230427,244000,25825,-1,25988,25987,218012,-163,-162
MTR_302,20230428,159000,114231,-1,114935,114934,44065,-704,-703
MTR_302,20230429,100000,49656,2,49967,49969,50033,-311,-313
MTR_302,20230430,21000,2977,0,2998,2998,18002,-21,-21
MTR_302,20230501,105000,32761,0,32981,32981,72019,-220,-220
MTR_302,20230502,182000,102243,-2,102948,102946,79052,-705,-703
MTR_302,20230503,154000,45653,3,41180,41183,112820,4473,4470
MTR_302,20230504,312000,117085,-7,117909,117902,194091,-824,-817
MTR_302,20230505,196000,87296,3,87950,87953,108050,-654,-657
MTR_302,20230506,209000,48620,-3,48963,48960,160037,-343,-340
MTR_302,20230508,69000,42660,-1,42978,42977,26022,-318,-317
MTR_302,20230509,54000,42640,0,42978,42978,11022,-338,-338
MTR_302,20230510,137000,49570,-1,49971,49970,87029,-401,-400
MTR_302,20230511,105000,68431,-2,68961,68959,36039,-530,-528
MTR_302,20230512,82000,64456,1,64965,64966,17035,-509,-510
MTR_302,20230513,44000,37688,1,37979,37980,6021,-291,-292
MTR_302,20230515,54000,23798,1,23983,23984,30017,-185,-186
MTR_302,20230516,264000,107100,-1,107935,107934,156065,-835,-834
MTR_302,20230517,192000,153722,-3,154928,154925,37072,-1206,-1203
MTR_302,20230518,190000,133914,1,134928,134929,55072,-1014,-1015
MTR_302,20230519,184000,74418,0,74951,74951,109049,-533,-533
MTR_302,20230520,146000,40681,1,37219,37220,108781,3462,3461
MTR_302,20230522,29000,26815,0,26979,26979,2021,-164,-164
MTR_302,20230523,70000,48686,-2,48975,48973,21025,-289,-287
MTR_302,20230524,44000,37765,-1,37979,37978,6021,-214,-213
MTR_302,20230526,10000,7938,1,7992,7993,2008,-54,-55
MTR_302,20230527,156000,48658,1,48968,48969,107032,-310,-311
MTR_302,20230529,142150,60676,0,61130,61130,81020,-454,-454
MTR_302,20230530,65000,64454,-2,64963,64961,37,-509,-507
MTR_302,20230531,138000,80346,4,80945,80949,57055,-599,-603
MTR_302,20230601,111000,72411,2,72958,72960,38042,-547,-549
MTR_302,20230602,137000,70337,1,70959,70960,66041,-622,-623
MTR_302,20230603,62000,61485,3,61961,61964,39,-476,-479
MTR_302,20230605,118000,34686,0,34978,34978,83022,-292,-292
MTR_302,20230606,204000,49535,0,49980,49980,154020,-445,-445
MTR_302,20230607,165000,104036,-5,104948,104943,60052,-912,-907
MTR_302,20230608,130000,80281,1,80970,80971,49030,-689,-690
MTR_302,20230609,249000,119917,0,120953,120953,128047,-1036,-1036
MTR_302,20230610,76000,34693,-3,34983,34980,41017,-290,-287
MTR_302,20230612,77000,34573,0,34976,34976,42024,-403,-403
MTR_302,20230613,37000,36641,2,36981,36983,19,-340,-342
MTR_302,20230614,99000,39597,1,39488,39489,59512,109,108
MTR_302,20230615,168000,59415,-2,57674,57672,110326,1741,1743
MTR_302,20230616,71000,47418,0,47958,47958,23042,-540,-540
MTR_302,20230617,62000,37596,-1,37973,37972,24027,-377,-376
MTR_302,20230619,75000,58309,0,58966,58966,16034,-657,-657
MTR_302,20230620,87000,81042,2,81949,81951,5051,-907,-909
MTR_302,20230621,196000,66258,-1,66955,66954,129045,-697,-696
MTR_302,20230622,246000,58175,1,58978,58979,187022,-803,-804
MTR_302,20230623,172100,135272,1,137043,137044,35057,-1771,-1772
MTR_302,20230624,83000,46449,0,46972,46972,36028,-523,-523
MTR_302,20230625,8000,1977,-1,1998,1997,6002,-21,-20
MTR_302,20230626,112000,110410,0,111937,111937,63,-1527,-1527
MTR_302,20230627,324000,102496,-3,103949,103946,220051,-1453,-1450
MTR_302,20230628,328000,97682,3,98952,98955,229048,-1270,-1273
MTR_302,20230630,12000,11849,0,11992,11992,8,-143,-143
MTR_302,20230701,53000,52358,0,52980,52980,20,-622,-622
MTR_302,20230703,60000,59077,-2,59963,59961,37,-886,-884
MTR_302,20230704,105000,78936,-2,77478,77476,27522,1458,1460
MTR_302,20230705,72000,70929,0,71950,71950,50,-1021,-1021
MTR_302,20230706,196000,126417,1,127926,127927,68074,-1509,-1510
MTR_302,20230707,223000,158656,-1,160911,160910,62089,-2255,-2254
MTR_302,20230708,43000,42477,0,42969,42969,31,-492,-492
MTR_302,20230710,67000,65980,-1,66958,66957,42,-978,-977
MTR_302,20230711,170000,154494,0,156916,156916,13084,-2422,-2422
MTR_302,20230712,73000,60123,1,60969,60970,12031,-846,-847
MTR_302,20230713,202000,105616,-3,106957,106954,95043,-1341,-1338
MTR_302,20230714,235000,129989,0,131947,131947,103053,-1958,-1958
MTR_302,20230715,108000,21719,-1,21991,21990,86009,-272,-271
MTR_302,20230717,332000,140752,-4,142917,142913,189083,-2165,-2161
MTR_302,20230718,338000,133865,1,135929,135930,202071,-2064,-2065
MTR_302,20230719,77000,72797,0,73961,73961,3039,-1164,-1164
MTR_303,20210927,113000,108084,3997,270933,274930,-157933,-162849,-166846
MTR_303,20210928,482000,461127,12013,452883,464896,29117,8244,-3769
MTR_303,20210929,465000,455192,4,458870,458874,6130,-3678,-3682
MTR_303,20210930,597000,562312,8,566794,566802,30206,-4482,-4490
MTR_303,20211001,241000,234057,2,235924,235926,5076,-1867,-1869
MTR_303,20211002,212000,207282,3,208935,208938,3065,-1653,-1656
MTR_303,20211004,397000,378954,7,381876,381883,15124,-2922,-2929
MTR_303,20211005,312000,285760,5,300909,300914,11091,-15149,-15154
MTR_303,20211006,445000,407832,9,397894,397903,47106,9938,9929
MTR_303,20211007,391000,351293,1,353913,353914,37087,-2620,-2621
MTR_303,20211008,462000,443602,7,446894,446901,15106,-3292,-3299
MTR_303,20211009,335000,303683,6,305916,305922,29084,-2233,-2239
MTR_303,20211011,451000,409875,5,412842,412847,38158,-2967,-2972
MTR_303,20211012,361000,358272,8,360862,360870,138,-2590,-2598
MTR_303,20211013,93000,91810,339654,100552,440206,-7552,-8742,-348396
MTR_303,20211014,146000,141940,89981,134942,224923,11058,6998,-82983
MTR_303,20211015,165000,163792,0,164936,164936,64,-1144,-1144
MTR_303,20211016,170000,155876,5,156939,156944,13061,-1063,-1068
MTR_303,20211018,412000,393221,5,395860,395865,16140,-2639,-2644
MTR_303,20211019,232000,198598,5,199930,199935,32070,-1332,-1337
MTR_303,20211020,147000,145972,3,146955,146958,45,-983,-986
MTR_303,20211021,360000,357519,1,359887,359888,113,-2368,-2369
MTR_303,20211022,263000,258246,4,259892,259896,3108,-1646,-1650
MTR_303,20211023,309000,301011,3,302904,302907,6096,-1893,-1896
MTR_303,20211024,11000,10929,0,10998,10998,2,-69,-69
MTR_303,20211025,441000,424263,11,426857,426868,14143,-2594,-2605
MTR_303,20211026,330000,327931,11,329862,329873,138,-1931,-1942
MTR_303,20211027,403000,400500,12,402872,402884,128,-2372,-2384
MTR_303,20211028,419000,375677,9,374262,374271,44738,1415,1406
MTR_303,20211029,535000,519838,7,522831,522838,12169,-2993,-3000
MTR_303,20211030,473000,470162,1,472844,472845,156,-2682,-2683
MTR_303,20211101,307000,276330,4,277913,277917,29087,-1583,-1587
MTR_303,20211102,382924,373665,7,371749,371756,11175,1916,1909
MTR_303,20211103,369000,366846,5,368904,368909,96,-2058,-2063
MTR_303,20211104,389000,377876,1,379883,379884,9117,-2007,-2008
MTR_303,20211105,421000,368038,5012,369892,374904,51108,-1854,-6866
MTR_303,20211106,293000,287550,2,288899,288901,4101,-1349,-1351
MTR_303,20211107,17000,16919,0,16994,16994,6,-75,-75
MTR_303,20211108,409000,358390,0,359864,359864,49136,-1474,-1474
MTR_303,20211109,385000,376379,6,377879,377885,7121,-1500,-1506
MTR_303,20211110,413000,386382,1,387882,387883,25118,-1500,-1501
MTR_303,20211111,459000,438229,8,439871,439879,19129,-1642,-1650
MTR_303,20211112,474000,449202,7,450804,450811,23196,-1602,-1609
MTR_303,20211113,390000,350616,2657,349217,351874,40783,1399,-1258
MTR_303,20211114,15000,14941,0,14993,14993,7,-52,-52
MTR_303,20211115,496333,455585,5,445022,445027,51311,10563,10558
MTR_303,20211116,496000,427413,5,414567,414572,81433,12846,12841
MTR_303,20211117,493000,474287,2,475861,475863,17139,-1574,-1576
MTR_303,20211118,371000,369740,1,370864,370865,136,-1124,-1125
MTR_303,20211119,545000,491377,0,492847,492847,52153,-1470,-1470
MTR_303,20211120,419000,413703,8,414847,414855,4153,-1144,-1152
MTR_303,20211121,33000,32905,1,32990,32991,10,-85,-86
MTR_303,20211122,506000,473687,5,474864,474869,31136,-1177,-1182
MTR_303,20211123,452000,435869,12,436872,436884,15128,-1003,-1015
MTR_303,20211124,455000,395065,3,395862,395865,59138,-797,-800
MTR_303,20211125,394000,368201,13,368857,368870,25143,-656,-669
MTR_303,20211126,475000,474070,7,474889,474896,111,-819,-826
MTR_303,20211127,411000,374375,4,374898,374902,36102,-523,-527
MTR_303,20211129,383000,367541,2,367865,367867,15135,-324,-326
MTR_303,20211130,407000,396543,8,396865,396873,10135,-322,-330
MTR_303,20211201,493000,464534,4,464835,464839,28165,-301,-305
MTR_303,20211202,405000,386648,4,386876,386880,18124,-228,-232
MTR_303,20211203,511000,466653,14,466837,466851,44163,-184,-198
MTR_303,20211204,470000,454724,13,454838,454851,15162,-114,-127
MTR_303,20211206,426000,397788,8,397853,397861,28147,-65,-73
MTR_303,20211207,323000,276891,6,272266,272272,50734,4625,4619
MTR_303,20211208,403000,402820,5,402872,402877,128,-52,-57
MTR_303,20211209,378000,353874,4,353875,353879,24125,-1,-5
MTR_303,20211210,497000,405882,5,405177,405182,91823,705,700
MTR_303,20211211,315000,308895,5,308914,308919,6086,-19,-24
MTR_303,20211213,400000,375868,1,375893,375894,24107,-25,-26
MTR_303,20211214,251000,243949,5,243926,243931,7074,23,18
MTR_303,20211215,362000,339896,7,339898,339905,22102,-2,-9
MTR_303,20211216,389000,371832,8,371509,371517,17491,323,315
MTR_303,20211217,519100,424867,3,424863,424866,94237,4,1
MTR_303,20211218,461000,419750,8,419894,419902,41106,-144,-152
MTR_303,20211220,470000,450692,3,450847,450850,19153,-155,-158
MTR_303,20211221,568000,541664,6,541808,541814,26192,-144,-150
MTR_303,20211222,485000,463663,7,463871,463878,21129,-208,-215
MTR_303,20211223,490771,477825,7,476823,476830,13948,1002,995
MTR_303,20211224,552000,529083,11,533838,533849,18162,-4755,-4766
MTR_303,20211225,388000,384656,1,381354,381355,6646,3302,3301
MTR_303,20211227,509000,498167,7,501834,501841,7166,-3667,-3674
MTR_303,20211228,430000,392132,10,395736,395746,34264,-3604,-3614
MTR_303,20211229,479000,429996,6,432873,432879,46127,-2877,-2883
MTR_303,20211230,454000,441111,8,443845,443853,10155,-2734,-2742
MTR_303,20211231,545000,531701,4,534857,534861,10143,-3156,-3160
MTR_303,20220101,326000,310217,9999,317886,327885,8114,-7669,-17668
MTR_303,20220102,13000,12934,1,12993,12994,7,-59,-60
MTR_303,20220103,451000,439900,11,435856,435867,15144,4044,4033
MTR_303,20220104,503000,490837,4,492636,492640,10364,-1799,-1803
MTR_303,20220105,232000,216115,4992,215633,220625,16367,482,-4510
MTR_303,20220106,165200,164589,4,164786,164790,414,-197,-201
MTR_303,20220107,22000,21925,4,21960,21964,40,-35,-39
MTR_303,20220114,228000,227527,9,227518,227527,482,9,0
MTR_303,20220115,355000,322369,9,322321,322330,32679,48,39
MTR_303,20220117,296000,283526,6,283439,283445,12561,87,81
MTR_303,20220118,303100,292664,6,292444,292450,10656,220,214
MTR_303,20220119,321000,314565,0,314383,314383,6617,182,182
MTR_303,20220120,186000,185767,5,185633,185638,367,134,129
MTR_303,20220121,406000,396555,10,396202,396212,9798,353,343
MTR_303,20220122,234000,223774,0,223586,223586,10414,188,188
MTR_303,20220124,348000,341724,1,341352,341353,6648,372,371
MTR_303,20220125,285000,284800,0,284462,284462,538,338,338
MTR_303,20220126,204000,203878,3,203612,203615,388,266,263
MTR_303,20220127,247000,240870,7,240536,240543,6464,334,327
MTR_303,20220128,371000,352810,5,356257,356262,14743,-3447,-3452
MTR_303,20220129,352000,331823,6,331319,331325,20681,504,498
MTR_303,20220131,449000,417798,8,417230,417238,31770,568,560
MTR_303,20220201,193000,188915,2,188615,188617,4385,300,298
MTR_303,20220202,222110,201017,3,200744,200747,21366,273,270
MTR_303,20220203,176000,172925,1,172593,172594,3407,332,331
MTR_303,20220204,315000,292871,8,292365,292373,22635,506,498
MTR_303,20220205,259000,254883,-1,254487,254486,4513,396,397
MTR_303,20220207,160100,160031,1,159685,159686,415,346,345
MTR_303,20220208,206000,189918,7,189620,189627,16380,298,291
MTR_303,20220209,197000,196913,0,196681,196681,319,232,232
MTR_303,20220210,216000,215903,5,215581,215586,419,322,317
MTR_303,20220211,339000,317859,4,317397,317401,21603,462,458
MTR_303,20220212,272000,233902,7,233552,233559,38448,350,343
MTR_303,20220214,458000,454808,5,454004,454009,3996,804,799
MTR_303,20220215,457000,438833,8,434809,434817,22191,4024,4016
MTR_303,20220216,328000,317897,8,317289,317297,10711,608,600
MTR_303,20220217,228100,227926,4,227510,227514,590,416,412
MTR_303,20220218,372000,333886,8,333220,333228,38780,666,658
MTR_303,20220219,262254,231034,0,222506,222506,39748,8528,8528
MTR_303,20220221,265000,264881,6,264545,264551,455,336,330
MTR_303,20220222,162200,151132,3,150750,150753,11450,382,379
MTR_303,20220223,345000,296842,5,296438,296443,48562,404,399
MTR_303,20220224,313000,301831,8,301342,301350,11658,489,481
MTR_303,20220225,385000,375792,8,375221,375229,9779,571,563
MTR_303,20220226,212000,197903,3,197574,197577,14426,329,326
MTR_303,20220228,312000,307893,12,316308,316320,-4308,-8415,-8427
MTR_303,20220301,334000,320893,6,306566,306572,27434,14327,14321
MTR_303,20220302,220000,209930,2,209882,209884,10118,48,46
MTR_303,20220303,289000,283881,5,283795,283800,5205,86,81
MTR_303,20220304,403000,390838,8,395681,395689,7319,-4843,-4851
MTR_303,20220305,310000,279909,6,298754,298760,11246,-18845,-18851
MTR_303,20220306,21000,14996,0,14982,14982,6018,14,14
MTR_303,20220307,394000,350922,3,350738,350741,43262,184,181
MTR_303,20220308,388000,387912,11,387610,387621,390,302,291
MTR_303,20220309,431000,415915,4,415728,415732,15272,187,183
MTR_303,20220310,409000,408882,0,408692,408692,308,190,190
MTR_303,20220311,433000,401875,5,401727,401732,31273,148,143
MTR_303,20220312,415000,410867,2,410728,410730,4272,139,137
MTR_303,20220313,27000,21992,1,21979,21980,5021,13,12
MTR_303,20220314,279000,270880,1,270744,270745,8256,136,135
MTR_303,20220315,349000,338918,5,338761,338766,10239,157,152
MTR_303,20220316,253000,235998,4,235824,235828,17176,174,170
MTR_303,20220317,310000,289013,2,288812,288814,21188,201,199
MTR_303,20220318,379100,359105,-3,358780,358777,20320,325,328
MTR_303,20220319,299000,275979,3,275429,275432,23571,550,547
MTR_303,20220321,305000,290010,9,290932,290941,14068,-922,-931
MTR_303,20220322,340000,317979,5,317756,317761,22244,223,218
MTR_303,20220323,304000,295905,3,295807,295810,8193,98,95
MTR_303,20220324,209000,192061,2,191875,191877,17125,186,184
MTR_303,20220325,298000,294237,4,293833,293837,4167,404,400
MTR_303,20220326,209000,205142,2,204832,204834,4168,310,308
MTR_303,20220328,435100,415059,5,414566,414571,20534,493,488
MTR_303,20220329,330000,325960,4,325721,325725,4279,239,235
MTR_303,20220330,452000,369956,10,369760,369770,82240,196,186
MTR_303,20220331,530000,488870,2,488633,488635,41367,237,235
MTR_303,20220401,396000,395861,6,395700,395706,300,161,155
MTR_303,20220402,340000,324007,2,326752,326754,13248,-2745,-2747
MTR_303,20220404,413000,370113,2,369767,369769,43233,346,344
MTR_303,20220405,280000,265191,4,264825,264829,15175,366,362
MTR_303,20220406,246000,221151,3,228858,228861,17142,-7707,-7710
MTR_303,20220407,298000,290174,9,289729,289738,8271,445,436
MTR_303,20220408,457000,404118,7,403688,403695,53312,430,423
MTR_303,20220409,275000,251002,2,250815,250817,24185,187,185
MTR_303,20220411,298000,293880,3,293776,293779,4224,104,101
MTR_303,20220412,226000,225841,2,225845,225847,155,-4,-6
MTR_303,20220413,305000,294853,4,294788,294792,10212,65,61
MTR_303,20220414,272000,265838,-4,263477,263473,8523,2361,2365
MTR_303,20220415,179000,178864,1,178864,178865,136,0,-1
MTR_303,20220416,380000,371560,3,371692,371695,8308,-132,-135
MTR_303,20220418,400000,399143,5,399681,399686,319,-538,-543
MTR_303,20220419,438000,392113,4,392692,392696,45308,-579,-583
MTR_303,20220420,384000,367446,8,367714,367722,16286,-268,-276
MTR_303,20220421,773000,749852,12,750456,750468,22544,-604,-616
MTR_303,20220422,405000,404599,2,404729,404731,271,-130,-132
MTR_303,20220424,289000,286896,3,288784,288787,216,-1888,-1891
MTR_303,20220425,268000,260132,7,261831,261838,6169,-1699,-1706
MTR_303,20220426,461000,447771,4,450720,450724,10280,-2949,-2953
MTR_303,20220427,380000,366357,3,368768,368771,11232,-2411,-2414
MTR_303,20220428,468000,446782,3,451648,451651,16352,-4866,-4869
MTR_303,20220429,411000,402102,8,404684,404692,6316,-2582,-2590
MTR_303,20220501,20000,19856,0,19987,19987,13,-131,-131
MTR_303,20220503,235000,229347,1,230829,230830,4171,-1482,-1483
MTR_303,20220504,290000,287923,-4,289784,289780,216,-1861,-1857
MTR_303,20220505,390000,366357,3,368754,368757,21246,-2397,-2400
MTR_303,20220506,444000,440820,5,443730,443735,270,-2910,-2915
MTR_303,20220507,338000,335582,3,337785,337788,215,-2203,-2206
MTR_303,20220508,13000,12907,1,12992,12993,8,-85,-86
MTR_303,20220509,407000,375297,13,377751,377764,29249,-2454,-2467
MTR_303,20220510,405000,379266,3,381729,381732,23271,-2463,-2466
MTR_303,20220511,496000,468620,7,464033,464040,31967,4587,4580
MTR_303,20220512,453000,441812,0,444698,444698,8302,-2886,-2886
MTR_303,20220513,532000,520254,8,515610,515618,16390,4644,4636
MTR_303,20220514,341000,310759,1,311684,311685,29316,-925,-926
MTR_303,20220515,16000,15885,0,15996,15996,4,-111,-111
MTR_303,20220516,342000,326646,0,328802,328802,13198,-2156,-2156
MTR_303,20220517,434100,430993,2,432436,432438,1664,-1443,-1445
MTR_303,20220518,444000,426919,3,429649,429652,14351,-2730,-2733
MTR_303,20220519,412000,394154,4,396691,396695,15309,-2537,-2541
MTR_303,20220520,557000,482519,7,485617,485624,71383,-3098,-3105
MTR_303,20220521,397000,377282,4,379679,379683,17321,-2397,-2401
MTR_303,20220523,445000,411035,2,413667,413669,31333,-2632,-2634
MTR_303,20220524,420000,409047,8,411660,411668,8340,-2613,-2621
MTR_303,20220525,395000,370332,6,365078,365084,29922,5254,5248
MTR_303,20220526,421000,405082,9,407741,407750,13259,-2659,-2668
MTR_303,20220527,485000,481529,6,484713,484719,287,-3184,-3190
MTR_303,20220528,309100,296959,5,298841,298846,10259,-1882,-1887
MTR_303,20220530,452000,448766,8,451697,451705,303,-2931,-2939
MTR_303,20220531,350000,323666,4,330778,330782,19222,-7112,-7116
MTR_303,20220601,595000,505352,8,508707,508715,86293,-3355,-3363
MTR_303,20220602,496000,426923,1,429684,429685,66316,-2761,-2762
MTR_303,20220603,632000,599677,6,603561,603567,28439,-3884,-3890
MTR_303,20220604,441000,435855,3,438693,438696,2307,-2838,-2841
MTR_303,20220606,546000,519257,2,522610,522612,23390,-3353,-3355
MTR_303,20220607,594000,574856,8,578666,578674,15334,-3810,-3818
MTR_303,20220608,519000,515287,5,518630,518635,370,-3343,-3348
MTR_303,20220609,513000,466636,5,469602,469607,43398,-2966,-2971
MTR_303,20220610,499000,465645,6,468637,468643,30363,-2992,-2998
MTR_303,20220611,402000,392173,2,394675,394677,7325,-2502,-2504
MTR_303,20220613,526000,491457,6,494656,494662,31344,-3199,-3205
MTR_303,20220614,465000,444789,1,447690,447691,17310,-2901,-2902
MTR_303,20220615,621000,601659,6003,605584,611587,15416,-3925,-9928
MTR_303,20220616,350000,322673,4,324783,324787,25217,-2110,-2114
MTR_303,20220617,380000,365366,4,367761,367765,12239,-2395,-2399
MTR_303,20220618,328000,312742,4,314755,314759,13245,-2013,-2017
MTR_303,20220620,436000,415011,10,417475,417485,18525,-2464,-2474
MTR_303,20220621,377000,368344,4,370661,370665,6339,-2317,-2321
MTR_303,20220622,304000,291896,3140,293639,296779,10361,-1743,-4883
MTR_303,20220623,307000,304803,4,306768,306772,232,-1965,-1969
MTR_303,20220624,485000,479546,11,482611,482622,2389,-3065,-3076
MTR_303,20220625,306000,286930,4,288802,288806,17198,-1872,-1876
MTR_303,20220626,17000,16878,-1,16988,16987,12,-110,-109
MTR_303,20220627,309000,299837,6,301781,301787,7219,-1944,-1950
MTR_303,20220628,483000,453727,7,456666,456673,26334,-2939,-2946
MTR_303,20220629,587000,553012,2,556601,556603,30399,-3589,-3591
MTR_303,20220630,485000,481533,4,478654,478658,6346,2879,2875
MTR_303,20220701,574000,564924,1,568673,568674,5327,-3749,-3750
MTR_303,20220702,368000,358415,8,360721,360729,7279,-2306,-2314
MTR_303,20220703,17000,16878,0,16986,16986,14,-108,-108
MTR_303,20220704,454000,439828,4,441622,441626,12378,-1794,-1798
MTR_303,20220705,470000,458695,4,461600,461604,8400,-2905,-2909
MTR_303,20220706,373000,360402,7,362715,362722,10285,-2313,-2320
MTR_303,20220707,408000,391178,11,393644,393655,14356,-2466,-2477
MTR_303,20220708,379000,368346,10,370696,370706,8304,-2350,-2360
MTR_303,20220709,351000,338559,1,340730,340731,10270,-2171,-2172
MTR_303,20220711,135631,124730,2,116914,116916,18717,7816,7814
MTR_303,20220712,129000,128079,4,128887,128891,113,-808,-812
MTR_303,20220713,131000,130063,-1,130901,130900,99,-838,-837
MTR_303,20220714,239000,237289,2,238805,238807,195,-1516,-1518
MTR_303,20220715,206000,204523,6,205853,205859,147,-1330,-1336
MTR_303,20220716,440000,436851,7,427752,427759,12248,9099,9092
MTR_303,20220718,542000,518264,5,521677,521682,20323,-3413,-3418
MTR_303,20220719,499000,480533,5,476242,476247,22758,4291,4286
MTR_303,20220720,515000,501388,7,504705,504712,10295,-3317,-3324
MTR_303,20220721,411000,408058,6,410741,410747,259,-2683,-2689
MTR_303,20220722,504000,494437,-2,497563,497561,6437,-3126,-3124
MTR_303,20220723,375000,367350,5,369690,369695,5310,-2340,-2345
MTR_303,20220725,437000,419971,4,422671,422675,14329,-2700,-2704
MTR_303,20220726,446000,425932,1,428666,428667,17334,-2734,-2735
MTR_303,20220727,336000,333596,7,335757,335764,243,-2161,-2168
MTR_303,20220728,407000,395148,3,397720,397723,9280,-2572,-2575
MTR_303,20220729,319000,316717,7,318780,318787,220,-2063,-2070
MTR_303,20220730,295000,292887,3,294815,294818,185,-1928,-1931
MTR_303,20220801,638000,606625,4,610799,610803,27201,-4174,-4178
MTR_303,20220802,560000,515288,8,518624,518632,41376,-3336,-3344
MTR_303,20220803,650000,617548,0,621573,621573,28427,-4025,-4025
MTR_303,20220804,503000,470613,15,473676,473691,29324,-3063,-3078
MTR_303,20220805,718000,626482,13,686236,686249,31764,-59754,-59767
MTR_303,20220806,602000,566921,4,601658,601662,342,-34737,-34741
MTR_303,20220808,692000,634425,8,655662,655670,36338,-21237,-21245
MTR_303,20220809,522000,472596,6,485774,485780,36226,-13178,-13184
MTR_303,20220810,657000,652301,5,656547,656552,453,-4246,-4251
MTR_303,20220811,483000,470610,2,482649,482651,351,-12039,-12041
MTR_303,20220812,609000,568901,6,600533,600539,8467,-31632,-31638
MTR_303,20220813,516000,486494,6,503624,503630,12376,-17130,-17136
MTR_303,20220814,62000,45670,-1,53966,53965,8034,-8296,-8295
MTR_303,20220815,531000,492451,1,505638,505639,25362,-13187,-13188
MTR_303,20220816,841000,778392,10,825397,825407,15603,-47005,-47015
MTR_303,20220817,747000,715845,6,701570,701576,45430,14275,14269
MTR_303,20220818,690000,654289,6,672571,672577,17429,-18282,-18288
MTR_303,20220819,683000,659252,11,663617,663628,19383,-4365,-4376
MTR_303,20220820,594000,561949,3,587602,587605,6398,-25653,-25656
MTR_303,20220822,568000,540110,3,557514,557517,10486,-17404,-17407
MTR_303,20220823,589000,533160,3,558520,558523,30480,-25360,-25363
MTR_303,20220824,618000,558975,0,588574,588574,29426,-29599,-29599
MTR_303,20220825,714000,678114,9,698497,698506,15503,-20383,-20392
MTR_303,20220826,691818,659071,13,656535,656548,35283,2536,2523
MTR_303,20220827,716000,693005,4,697435,697439,18565,-4430,-4434
MTR_303,20220829,800000,759530,9,764584,764593,35416,-5054,-5063
MTR_303,20220830,751000,722792,2,727554,727556,23446,-4762,-4764
MTR_303,20220831,935530,881177,4,887245,887249,48285,-6068,-6072
MTR_303,20220901,500750,492206,6,494568,494574,6182,-2362,-2368
MTR_303,20220902,687000,671165,-1,681437,681436,5563,-10272,-10271
MTR_303,20220903,712500,657763,-1,653039,653038,59461,4724,4725
MTR_303,20220905,545000,541100,12,544522,544534,478,-3422,-3434
MTR_303,20220906,640100,629561,19,633620,633639,6480,-4059,-4078
MTR_303,20220907,415000,412029,6,414709,414715,291,-2680,-2686
MTR_303,20220908,727000,695984,6,700553,700559,26447,-4569,-4575
MTR_303,20220909,677000,647335,1,651662,651663,25338,-4327,-4328
MTR_303,20220910,512000,482525,3,504632,504635,7368,-22107,-22110
MTR_303,20220911,32000,31771,0,31982,31982,18,-211,-211
MTR_303,20220912,672000,662225,7,666530,666537,5470,-4305,-4312
MTR_303,20220913,457000,453728,3,456687,456690,313,-2959,-2962
MTR_303,20220914,486000,438838,1,441612,441613,44388,-2774,-2775
MTR_303,20220915,372000,369338,2,371714,371716,286,-2376,-2378
MTR_303,20220916,637000,600669,135908,648493,784401,-11493,-47824,-183732
MTR_303,20220917,716000,679103,5,639525,639530,76475,39578,39573
MTR_303,20220919,747000,733715,6,738443,738449,8557,-4728,-4734
MTR_303,20220920,676000,666196,9,670534,670543,5466,-4338,-4347
MTR_303,20220921,664000,630462,7,658561,658568,5439,-28099,-28106
MTR_303,20220922,658000,604642,9,641577,641586,16423,-36935,-36944
MTR_303,20220923,707000,645350,9,685419,685428,21581,-40069,-40078
MTR_303,20220924,314000,311750,4,313769,313773,231,-2019,-2023
MTR_303,20220926,338000,307780,1,309797,309798,28203,-2017,-2018
MTR_303,20220927,338000,313741,-2,315793,315791,22207,-2052,-2050
MTR_303,20220928,268000,246220,9995,261860,271855,6140,-15640,-25635
MTR_303,20220929,206000,196583,2,197854,197856,8146,-1271,-1273
MTR_303,20220930,247000,239274,0,240833,240833,6167,-1559,-1559
MTR_303,20221001,322000,308775,139907,309808,449715,12192,-1033,-140940
MTR_303,20221003,14000,13900,116938,0,116938,14000,13900,-103038
MTR_303,20221004,560000,524187,179898,527674,707572,32326,-3487,-183385
MTR_303,20221005,391000,373329,15991,375783,391774,15217,-2454,-18445
MTR_303,20221006,416000,399764,4,405637,405641,10363,-5873,-5877
MTR_303,20221007,449000,437922,57972,438662,496634,10338,-740,-58712
MTR_303,20221008,378000,370586,4000,386484,390484,-8484,-15898,-19898
MTR_303,20221010,328000,314099,1,316736,316737,11264,-2637,-2638
MTR_303,20221011,382000,362708,1,365776,365777,16224,-3068,-3069
MTR_303,20221012,432000,408359,4,397746,397750,34254,10613,10609
MTR_303,20221013,537000,518427,-2,522745,522743,14255,-4318,-4316
MTR_303,20221014,624000,596726,7,601726,601733,22274,-5000,-5007
MTR_303,20221015,537000,522942,6,530551,530557,6449,-7609,-7615
MTR_303,20221017,430100,414174,29982,417658,447640,12442,-3484,-33466
MTR_303,20221018,332000,312675,2,316706,316708,15294,-4031,-4033
MTR_303,20221019,365000,340474,6,344727,344733,20273,-4253,-4259
MTR_303,20221020,39000,38509,439705,38976,478681,24,-467,-440172
MTR_303,20221021,531000,516673,8,522685,522693,8315,-6012,-6020
MTR_303,20221022,377100,354397,3,357688,357691,19412,-3291,-3294
MTR_303,20221024,389000,379129,6,382693,382699,6307,-3564,-3570
MTR_303,20221025,425000,414834,10,418686,418696,6314,-3852,-3862
MTR_303,20221026,488000,474333,7,480602,480609,7398,-6269,-6276
MTR_303,20221027,565000,528855,10,530611,530621,34389,-1756,-1766
MTR_303,20221028,556000,541910,5,546626,546631,9374,-4716,-4721
MTR_303,20221029,503000,484651,7,488724,488731,14276,-4073,-4080
MTR_303,20221031,678000,646653,7,651629,651636,26371,-4976,-4983
MTR_303,20221101,311000,308204,9,310739,310748,261,-2535,-2544
MTR_303,20221102,354000,335813,-1,338720,338719,15280,-2907,-2906
MTR_303,20221103,353000,343850,0,346749,346749,6251,-2899,-2899
MTR_303,20221104,393100,384729,-1,387752,387751,5348,-3023,-3022
MTR_303,20221105,263000,260788,3,262811,262814,189,-2023,-2026
MTR_303,20221106,19000,13885,0,13989,13989,5011,-104,-104
MTR_303,20221107,344000,341345,6,343769,343775,231,-2424,-2430
MTR_303,20221108,348000,324538,4,326807,326811,21193,-2269,-2273
MTR_303,20221109,395000,378301,8,380712,380720,14288,-2411,-2419
MTR_303,20221110,326000,316842,7,318731,318738,7269,-1889,-1896
MTR_303,20221111,414000,395363,6,397685,397691,16315,-2322,-2328
MTR_303,20221112,314000,311964,7,313762,313769,238,-1798,-1805
MTR_303,20221114,365000,332835,5,334709,334714,30291,-1874,-1879
MTR_303,20221115,381436,374778,2,377042,377044,4394,-2264,-2266
MTR_303,20221116,410000,403176,4,405669,405673,4331,-2493,-2497
MTR_303,20221117,496000,486653,5,489601,489606,6399,-2948,-2953
MTR_303,20221118,540000,504648,8,507594,507602,32406,-2946,-2954
MTR_303,20221119,399000,370687,3,372740,372743,26260,-2053,-2056
MTR_303,20221120,14000,13918,0,13993,13993,7,-75,-75
MTR_303,20221121,412100,409833,3,411808,411811,292,-1975,-1978
MTR_303,20221122,409260,419930,18986,403013,421999,6247,16917,-2069
MTR_303,20221123,366000,364023,7,365759,365766,241,-1736,-1743
MTR_303,20221124,359000,342202,0,343708,343708,15292,-1506,-1506
MTR_303,20221125,466000,457473,4,459653,459657,6347,-2180,-2184
MTR_303,20221126,267000,265470,5,266819,266824,181,-1349,-1354
MTR_303,20221128,342000,319330,5,320774,320779,21226,-1444,-1449
MTR_303,20221129,223000,212000,6,212859,212865,10141,-859,-865
MTR_303,20221130,303000,293740,541,294285,294826,8715,-545,-1086
MTR_303,20221201,348000,346607,2,341835,341837,6165,4772,4770
MTR_303,20221202,413000,403569,2,400732,400734,12268,2837,2835
MTR_303,20221203,373000,364886,1,361797,361798,11203,3089,3088
MTR_303,20221204,16000,15952,0,15994,15994,6,-42,-42
MTR_303,20221205,487000,475638,1,476734,476735,10266,-1096,-1097
MTR_303,20221206,473000,453400,3,449746,449749,23254,3654,3651
MTR_303,20221207,500000,471215,1,472749,472750,27251,-1534,-1535
MTR_303,20221208,325000,302877,1,303851,303852,21149,-974,-975
MTR_303,20221209,325000,323830,0,324880,324880,120,-1050,-1050
MTR_303,20221210,239000,238158,3,238894,238897,106,-736,-739
MTR_303,20221212,206000,205251,2,205927,205929,73,-676,-678
MTR_303,20221213,147000,146394,1,146898,146899,102,-504,-505
MTR_303,20221214,180000,179242,-1,179891,179890,109,-649,-648
MTR_303,20221215,187000,186252,0,186886,186886,114,-634,-634
MTR_303,20221216,489000,474236,5,475691,475696,13309,-1455,-1460
MTR_303,20221217,392000,382602,3,383791,383794,8209,-1189,-1192
MTR_303,20221218,47000,24912,0,24987,24987,22013,-75,-75
MTR_303,20221219,512000,480219,3,485680,485683,26320,-5461,-5464
MTR_303,20221220,528000,516143,2,517683,517685,10317,-1540,-1542
MTR_303,20221221,409000,380710,5,381756,381761,27244,-1046,-1051
MTR_303,20221222,373000,368774,5,369786,369791,3214,-1012,-1017
MTR_303,20221223,636000,611028,4,612605,612609,23395,-1577,-1581
MTR_303,20221224,347000,345886,3,346825,346828,175,-939,-942
MTR_303,20221226,380000,367889,1,368832,368833,11168,-943,-944
MTR_303,20221227,488000,486569,3,487801,487804,199,-1232,-1235
MTR_303,20221228,523000,490776,2,491649,491651,31351,-873,-875
MTR_303,20221229,575000,562728,7,564607,564614,10393,-1879,-1886
MTR_303,20221230,559490,553929,6,554262,554268,5228,-333,-339
MTR_303,20221231,249000,240083,6,240820,240826,8180,-737,-743
MTR_303,20230101,78000,77715,2,77939,77941,61,-224,-226
MTR_303,20230102,413000,411798,5,412743,412748,257,-945,-950
MTR_303,20230103,140000,139596,9999,139958,149957,42,-362,-10361
MTR_303,20230104,412000,394865,4,396035,396039,15965,-1170,-1174
MTR_303,20230105,388000,369954,6,371033,371039,16967,-1079,-1085
MTR_303,20230106,317000,316127,3,317087,317090,-87,-960,-963
MTR_303,20230107,265000,256347,4,253260,253264,11740,3087,3083
MTR_303,20230108,12000,11969,0,12006,12006,-6,-37,-37
MTR_303,20230109,426000,416817,1,418061,418062,7939,-1244,-1245
MTR_303,20230110,296000,295095,2,291000,291002,5000,4095,4093
MTR_303,20230111,249000,198380,5,199062,199067,49938,-682,-687
MTR_303,20230112,296000,290133,5,291112,291117,4888,-979,-984
MTR_303,20230113,349000,324730,0,325026,325026,23974,-296,-296
MTR_303,20230114,242000,241744,3,241992,241995,8,-248,-251
MTR_303,20230115,36000,35958,-1,30999,30998,5001,4959,4960
MTR_303,20230116,374000,363639,0,363994,363994,10006,-355,-355
MTR_303,20230117,446000,411618,-1,411583,411582,34417,35,36
MTR_303,20230118,306000,295788,-2,296060,296058,9940,-272,-270
MTR_303,20230119,315000,303171,5,302968,302973,12032,203,198
MTR_303,20230120,390000,363360,3,362976,362979,27024,384,381
MTR_303,20230121,229000,208949,4,208986,208990,20014,-37,-41
MTR_303,20230123,271000,256020,6,255990,255996,15010,30,24
MTR_303,20230124,299000,299017,2,299012,299014,-12,5,3
MTR_303,20230125,289000,274203,1,274011,274012,14989,192,191
MTR_303,20230126,289000,256388,6,256022,256028,32978,366,360
MTR_303,20230127,331000,331466,8,331051,331059,-51,415,407
MTR_303,20230128,213000,213383,3,213040,213043,-40,343,340
MTR_303,20230130,398000,366441,7,365954,365961,32046,487,480
MTR_303,20230131,295000,276351,8,276009,276017,18991,342,334
MTR_303,20230201,239000,220277,4,220004,220008,18996,273,269
MTR_303,20230202,272000,251291,0,250986,250986,21014,305,305
MTR_303,20230203,335000,335397,-2,334966,334964,34,431,433
MTR_303,20230204,216000,216224,3,215982,215985,18,242,239
MTR_303,20230206,310000,307277,1,306979,306980,3021,298,297
MTR_303,20230207,318000,302295,5,301971,301976,16029,324,319
MTR_303,20230208,334000,316484,-1,315996,315995,18004,488,489
MTR_303,20230209,289000,289377,0,288977,288977,23,400,400
MTR_303,20230210,335000,280243,1,277957,277958,57043,2286,2285
MTR_303,20230211,173000,161159,1,160974,160975,12026,185,184
MTR_303,20230213,213000,203170,7,202972,202979,10028,198,191
MTR_303,20230214,375000,176140,14,175989,176003,199011,151,137
MTR_303,20230215,332000,327237,-3,325953,325950,6047,1284,1287
MTR_303,20230216,385000,385269,3,385030,385033,-30,239,236
MTR_303,20230217,469000,450276,3,450080,450083,18920,196,193
MTR_303,20230218,300000,300168,3,299997,300000,3,171,168
MTR_303,20230220,462000,419276,0,419035,419035,42965,241,241
MTR_303,20230221,427000,407132,-2,407037,407035,19963,95,97
MTR_303,20230222,298000,266577,2,267019,267021,30981,-442,-444
MTR_303,20230223,285000,279270,5,280037,280042,4963,-767,-772
MTR_303,20230224,412000,411018,7,411956,411963,44,-938,-945
MTR_303,20230225,250000,241492,4,241972,241976,8028,-480,-484
MTR_303,20230226,33000,32938,0,32995,32995,5,-57,-57
MTR_303,20230227,233000,220613,4,221003,221007,11997,-390,-394
MTR_303,20230228,101000,100843,2,101002,101004,-2,-159,-161
MTR_303,20230301,330446,311799,5,312795,312800,17651,-996,-1001
MTR_303,20230302,441000,434647,6,435024,435030,5976,-377,-383
MTR_303,20230303,409000,408800,6,406097,406103,2903,2703,2697
MTR_303,20230304,301000,286892,0,287057,287057,13943,-165,-165
MTR_303,20230306,368000,363899,3,367982,367985,18,-4083,-4086
MTR_303,20230307,353000,344804,2,345004,345006,7996,-200,-202
MTR_303,20230308,329000,315742,-1,316026,316025,12974,-284,-283
MTR_303,20230309,299000,298761,3,299041,299044,-41,-280,-283
MTR_303,20230310,343000,332762,0,328471,328471,14529,4291,4291
MTR_303,20230311,248000,226904,4,227051,227055,20949,-147,-151
MTR_303,20230313,520000,453684,17,455925,455942,64075,-2241,-2258
MTR_303,20230314,399000,381679,6,380923,380929,18077,756,750
MTR_303,20230315,423000,409665,5,410014,410019,12986,-349,-354
MTR_303,20230316,305000,289638,4,290011,290015,14989,-373,-377
MTR_303,20230317,388000,386883,10,388044,388054,-44,-1161,-1171
MTR_303,20230318,217000,208374,0,209001,209001,7999,-627,-627
MTR_303,20230320,144000,134432,2,135009,135011,8991,-577,-579
MTR_303,20230323,54000,53781,0,54008,54008,-8,-227,-227
MTR_303,20230324,342000,338630,5,340053,340058,1947,-1423,-1428
MTR_303,20230325,171000,160617,5,160896,160901,10104,-279,-284
MTR_303,20230327,288000,264935,3,266000,266003,22000,-1065,-1068
MTR_303,20230328,201000,200234,4,201047,201051,-47,-813,-817
MTR_303,20230329,249000,248097,5,248974,248979,26,-877,-882
MTR_303,20230330,259000,258373,2,258967,258969,33,-594,-596
MTR_303,20230331,176000,152629,6,152984,152990,23016,-355,-361
MTR_303,20230401,311000,297277,5,297962,297967,13038,-685,-690
MTR_303,20230403,413100,396022,7,397000,397007,16100,-978,-985
MTR_303,20230404,421000,381889,4,383004,383008,37996,-1115,-1119
MTR_303,20230405,719000,420774,674,433651,434325,285349,-12877,-13551
MTR_303,20230406,424000,311127,-659,300695,300036,123305,10432,11091
MTR_303,20230407,449000,411607,7,413064,413071,35936,-1457,-1464
MTR_303,20230408,239000,235243,-1,236003,236002,2997,-760,-759
MTR_303,20230410,439000,409708,4,410938,410942,28062,-1230,-1234
MTR_303,20230411,296000,291043,8,292007,292015,3993,-964,-972
MTR_303,20230412,302000,301034,6,302066,302072,-66,-1032,-1038
MTR_303,20230413,326000,299243,3,300034,300037,25966,-791,-794
MTR_303,20230414,299000,288272,11,289089,289100,9911,-817,-828
MTR_303,20230415,248000,231321,3,229001,229004,18999,2320,2317
MTR_303,20230417,286000,284404,4,285944,285948,56,-1540,-1544
MTR_303,20230418,370000,360239,7,361961,361968,8039,-1722,-1729
MTR_303,20230419,363000,345360,2,346992,346994,16008,-1632,-1634
MTR_303,20230420,292000,281553,0,283012,283012,8988,-1459,-1459
MTR_303,20230421,192000,190957,0,185027,185027,6973,5930,5930
MTR_303,20230424,96000,70627,2,70995,70997,25005,-368,-370
MTR_303,20230425,197000,195973,3,196975,196978,25,-1002,-1005
MTR_303,20230426,332000,319270,1,320981,320982,11019,-1711,-1712
MTR_303,20230427,233000,231719,1,232986,232987,14,-1267,-1268
MTR_303,20230428,291000,289391,3,290975,290978,25,-1584,-1587
MTR_303,20230429,295000,293374,5,295002,295007,-2,-1628,-1633
MTR_303,20230430,65000,48728,-16000,65002,49002,-2,-16274,-274
MTR_303,20230501,178000,177013,5,178002,178007,-2,-989,-994
MTR_303,20230502,415000,387794,9,390009,390018,24991,-2215,-2224
MTR_303,20230503,522000,507104,4,510065,510069,11935,-2961,-2965
MTR_303,20230504,587000,543125,5,544917,544922,42083,-1792,-1797
MTR_303,20230505,346000,344767,11,341961,341972,4039,2806,2795
MTR_303,20230506,353000,339415,5,342951,342956,10049,-3536,-3541
MTR_303,20230507,16000,15828,1,15997,15998,3,-169,-170
MTR_303,20230508,507000,442299,7,465757,465764,41243,-23458,-23465
MTR_303,20230509,410000,363216,4,374661,374665,35339,-11445,-11449
MTR_303,20230510,380000,336547,6,354678,354684,25322,-18131,-18137
MTR_303,20230511,402000,365318,5,376682,376687,25318,-11364,-11369
MTR_303,20230512,381000,364722,2,371408,371410,9592,-6686,-6688
MTR_303,20230513,202000,183504,4,192144,192148,9856,-8640,-8644
MTR_303,20230514,17000,16865,0,16999,16999,1,-134,-134
MTR_303,20230515,439000,368091,2,397169,397171,41831,-29078,-29080
MTR_303,20230516,592000,494132,8,530941,530949,61059,-36809,-36817
MTR_303,20230517,466000,398944,5,419139,419144,46861,-20195,-20200
MTR_303,20230518,441000,410930,5,414964,414969,26036,-4034,-4039
MTR_303,20230519,318000,260136,3,277871,277874,40129,-17735,-17738
MTR_303,20230520,334000,275244,7,293237,293244,40763,-17993,-18000
MTR_303,20230522,516000,444310,10,462449,462459,53551,-18139,-18149
MTR_303,20230523,313000,291300,1,295078,295079,17922,-3778,-3779
MTR_303,20230524,316000,300274,4,304325,304329,11675,-4051,-4055
MTR_303,20230525,301000,258514,8,270134,270142,30866,-11620,-11628
MTR_303,20230526,419000,362913,10,377059,377069,41941,-14146,-14156
MTR_303,20230527,365000,300261,11,331801,331812,33199,-31540,-31551
MTR_303,20230529,460000,377820,5,420088,420093,39912,-42268,-42273
MTR_303,20230530,394000,380752,7,382986,382993,11014,-2234,-2241
MTR_303,20230531,516000,473672,6,476990,476996,39010,-3318,-3324
MTR_303,20230601,339000,330671,4,332989,332993,6011,-2318,-2322
MTR_303,20230602,473000,462704,7006,466036,473042,6964,-3332,-10338
MTR_303,20230603,275000,254233,6,256024,256030,18976,-1791,-1797
MTR_303,20230605,407000,380250,5,383031,383036,23969,-2781,-2786
MTR_303,20230606,377000,338523,5,350839,350844,26161,-12316,-12321
MTR_303,20230607,327000,302752,7,316488,316495,10512,-13736,-13743
MTR_303,20230608,300000,271014,5,283244,283249,16756,-12230,-12235
MTR_303,20230609,326000,287190,7,304026,304033,21974,-16836,-16843
MTR_303,20230610,270000,222919,3,241326,241329,28674,-18407,-18410
MTR_303,20230612,276000,241734,5,245368,245373,30632,-3634,-3639
MTR_303,20230613,287000,268560,4,271177,271181,15823,-2617,-2621
MTR_303,20230614,343000,305289,5,315859,315864,27141,-10570,-10575
MTR_303,20230615,291000,259469,8,266857,266865,24143,-7388,-7396
MTR_303,20230616,360000,341738,7,348406,348413,11594,-6668,-6675
MTR_303,20230617,218000,216327,2,217990,217992,10,-1663,-1665
MTR_303,20230619,351000,298352,0,310832,310832,40168,-12480,-12480
MTR_303,20230620,276000,274439,2,276020,276022,-20,-1581,-1583
MTR_303,20230621,384000,305135,6,316468,316474,67532,-11333,-11339
MTR_303,20230622,377000,339154,2,341975,341977,35025,-2821,-2823
MTR_303,20230623,443000,421431,4,425012,425016,17988,-3581,-3585
MTR_303,20230624,297000,267720,4,270019,270023,26981,-2299,-2303
MTR_303,20230625,34000,33703,2,33935,33937,65,-232,-234
MTR_303,20230626,476000,432182,8,436075,436083,39925,-3893,-3901
MTR_303,20230627,315000,303089,9,311258,311267,3742,-8169,-8178
MTR_303,20230628,442100,353654,10,380957,380967,61143,-27303,-27313
MTR_303,20230630,86000,78174,1,78999,79000,7001,-825,-826
MTR_303,20230701,67000,66322,1,67001,67002,-1,-679,-680
MTR_303,20230703,325000,301881,7,311767,311774,13233,-9886,-9893
MTR_303,20230704,422000,409768,2,415342,415344,6658,-5574,-5576
MTR_303,20230705,269000,266275,4,269027,269031,-27,-2752,-2756
MTR_303,20230706,288000,258357,6,261046,261052,26954,-2689,-2695
MTR_303,20230707,410000,387045,7,395984,395991,14016,-8939,-8946
MTR_303,20230708,147000,145475,7,146986,146993,14,-1511,-1518
MTR_303,20230710,357000,335467,8,347601,347609,9399,-12134,-12142
MTR_303,20230711,450000,399498,7,400319,400326,49681,-821,-828
MTR_303,20230712,323000,295370,10,297975,297985,25025,-2605,-2615
MTR_303,20230713,838000,286406,31,289174,289205,548826,-2768,-2799
MTR_303,20230714,723000,333909,19,336219,336238,386781,-2310,-2329
MTR_303,20230715,585000,165443,32,168001,168033,416999,-2558,-2590
MTR_303,20230717,948000,418772,22,430297,430319,517703,-11525,-11547
MTR_303,20230718,758000,374440,15,411292,411307,346708,-36852,-36867
MTR_303,20230719,285000,262817,2,266053,266055,18947,-3236,-3238
MTR_401,20210927,258000,240959,5026,481862,486888,-223862,-240903,-245929
MTR_401,20210928,535200,503962,34011,505995,540006,29205,-2033,-36044
MTR_401,20210929,632000,580149,28,584806,584834,47194,-4657,-4685
MTR_401,20210930,585000,545456,41,549748,549789,35252,-4292,-4333
MTR_401,20211001,373000,334219,24,335442,335466,37558,-1223,-1247
MTR_401,20211002,327100,306556,16,308954,308970,18146,-2398,-2414
MTR_401,20211004,493000,421612,33,424836,424869,68164,-3224,-3257
MTR_401,20211005,435000,417715,26,420804,420830,14196,-3089,-3115
MTR_401,20211006,419000,383022,26,385843,385869,33157,-2821,-2847
MTR_401,20211007,338000,325495,20,327910,327930,10090,-2415,-2435
MTR_401,20211008,426000,422759,26,420447,420473,5553,2312,2286
MTR_401,20211009,413000,365207,13020,381837,394857,31163,-16630,-29650
MTR_401,20211010,14000,13893,0,0,0,14000,13893,13893
MTR_401,20211011,481000,431708,22,434828,434850,46172,-3120,-3142
MTR_401,20211012,116000,115127,8,115960,115968,40,-833,-841
MTR_401,20211013,136000,127044,25006,127968,152974,8032,-924,-25930
MTR_401,20211014,222000,217378,305922,231895,537817,-9895,-14517,-320439
MTR_401,20211015,745100,669184,35,670535,670570,74565,-1351,-1386
MTR_401,20211016,309000,301826,10,290898,290908,18102,10928,10918
MTR_401,20211017,26000,25816,1,25988,25989,12,-172,-173
MTR_401,20211018,392000,386270,14,388860,388874,3140,-2590,-2604
MTR_401,20211019,186000,184698,9,185948,185957,52,-1250,-1259
MTR_401,20211020,274000,272082,13,273894,273907,106,-1812,-1825
MTR_401,20211021,340000,337656,12,339881,339893,119,-2225,-2237
MTR_401,20211022,455000,386373,4463,382547,387010,72453,3826,-637
MTR_401,20211023,388000,356635,15,353240,353255,34760,3395,3380
MTR_401,20211024,47000,35768,2,35988,35990,11012,-220,-222
MTR_401,20211025,354000,335839,24,337867,337891,16133,-2028,-2052
MTR_401,20211026,435000,416375,32,418816,418848,16184,-2441,-2473
MTR_401,20211027,403000,400498,2730,414129,416859,-11129,-13631,-16361
MTR_401,20211028,520000,509846,28,498835,498863,21165,11011,10983
MTR_401,20211029,603000,524803,24,527853,527877,75147,-3050,-3074
MTR_401,20211030,525000,491032,29,493814,493843,31186,-2782,-2811
MTR_401,20211031,75000,74548,2,74974,74976,26,-426,-428
MTR_401,20211101,464000,439337,25,441820,441845,22180,-2483,-2508
MTR_401,20211102,390000,345910,21,347879,347900,42121,-1969,-1990
MTR_401,20211103,373000,361868,23,363865,363888,9135,-1997,-2020
MTR_401,20211104,450000,438524,18,440867,440885,9133,-2343,-2361
MTR_401,20211105,462000,427716,21,447860,447881,14140,-20144,-20165
MTR_401,20211106,333000,323366,17,324855,324872,8145,-1489,-1506
MTR_401,20211108,537000,496750,20,483796,483816,53204,12954,12934
MTR_401,20211109,413000,393307,16,394852,394868,18148,-1545,-1561
MTR_401,20211110,441000,439152,26,440851,440877,149,-1699,-1725
MTR_401,20211111,514000,473085,24,474836,474860,39164,-1751,-1775
MTR_401,20211112,575000,534860,31,536728,536759,38272,-1868,-1899
MTR_401,20211113,417000,385480,21014,386892,407906,30108,-1412,-22426
MTR_401,20211114,19000,18925,1,18993,18994,7,-68,-69
MTR_401,20211115,456989,431339,38,447816,447854,9173,-16477,-16515
MTR_401,20211116,494000,452315,26,453812,453838,40188,-1497,-1523
MTR_401,20211117,488000,465313,37,459805,459842,28195,5508,5471
MTR_401,20211118,412000,386680,23,387673,387696,24327,-993,-1016
MTR_401,20211119,548100,524359,25,525879,525904,22221,-1520,-1545
MTR_401,20211120,404000,402743,18,403822,403840,178,-1079,-1097
MTR_401,20211121,32000,31907,0,31984,31984,16,-77,-77
MTR_401,20211122,519000,486658,29,487816,487845,31184,-1158,-1187
MTR_401,20211123,508000,487739,25,488806,488831,19194,-1067,-1092
MTR_401,20211124,493000,433974,17,434855,434872,58145,-881,-898
MTR_401,20211125,482000,458016,26,458779,458805,23221,-763,-789
MTR_401,20211126,548000,516985,26,517850,517876,30150,-865,-891
MTR_401,20211127,445000,408309,26,400219,400245,44781,8090,8064
MTR_401,20211129,523000,450438,26,450800,450826,72200,-362,-388
MTR_401,20211130,349000,345603,25,345859,345884,3141,-256,-281
MTR_401,20211201,479100,452644,31,452853,452884,26247,-209,-240
MTR_401,20211202,562000,519520,32,510430,510462,51570,9090,9058
MTR_401,20211203,482993,468651,40,472828,472868,10165,-4177,-4217
MTR_401,20211204,489000,458725,40,449842,449882,39158,8883,8843
MTR_401,20211205,48000,47970,0,47987,47987,13,-17,-17
MTR_401,20211206,473000,432765,35,432856,432891,40144,-91,-126
MTR_401,20211207,424000,415821,22,415887,415909,8113,-66,-88
MTR_401,20211208,442000,426798,26,426904,426930,15096,-106,-132
MTR_401,20211209,367000,358868,27,346654,346681,20346,12214,12187
MTR_401,20211210,527000,473866,19,469801,469820,57199,4065,4046
MTR_401,20211211,409000,376870,14,379296,379310,29704,-2426,-2440
MTR_401,20211213,389000,356882,9,356895,356904,32105,-13,-22
MTR_401,20211214,418000,405905,8,405886,405894,12114,19,11
MTR_401,20211215,430000,389878,17,389867,389884,40133,11,-6
MTR_401,20211216,512000,472782,11,472849,472860,39151,-67,-78
MTR_401,20211217,554100,523811,21,530831,530852,23269,-7020,-7041
MTR_401,20211218,385000,347790,16,344544,344560,40456,3246,3230
MTR_401,20211219,85000,74951,1,74987,74988,10013,-36,-37
MTR_401,20211220,541188,454877,21,446052,446073,95136,8825,8804
MTR_401,20211221,582000,538663,21,534807,534828,47193,3856,3835
MTR_401,20211222,544000,535611,34,535795,535829,8205,-184,-218
MTR_401,20211223,601000,579417,33,583728,583761,17272,-4311,-4344
MTR_401,20211224,612000,561779,26,569747,569773,42253,-7968,-7994
MTR_401,20211225,457000,444149,16,447826,447842,9174,-3677,-3693
MTR_401,20211227,465000,441609,27,442672,442699,22328,-1063,-1090
MTR_401,20211228,496000,443762,21,446828,446849,49172,-3066,-3087
MTR_401,20211229,542000,510444,25,513791,513816,28209,-3347,-3372
MTR_401,20211230,617100,592220,23,595810,595833,21290,-3590,-3613
MTR_401,20211231,577000,559538,23,562867,562890,14133,-3329,-3352
MTR_401,20220101,300000,287358,14,291882,291896,8118,-4524,-4538
MTR_401,20220103,450000,433941,27,435816,435843,14184,-1875,-1902
MTR_401,20220104,587000,576456,27,578784,578811,8216,-2328,-2355
MTR_401,20220105,546000,517894,18,520027,520045,25973,-2133,-2151
MTR_401,20220106,591000,550948,24,552820,552844,38180,-1872,-1896
MTR_401,20220107,541000,520223,18,525103,525121,15897,-4880,-4898
MTR_401,20220108,507114,464506,16,458887,458903,48227,5619,5603
MTR_401,20220109,35000,34887,1,34990,34991,10,-103,-104
MTR_401,20220110,574000,532411,26,533781,533807,40219,-1370,-1396
MTR_401,20220111,353000,339068,16,339851,339867,13149,-783,-799
MTR_401,20220112,535100,480849,24,488648,488672,46452,-7799,-7823
MTR_401,20220113,603200,561860,26,562827,562853,40373,-967,-993
MTR_401,20220114,666100,621782,20,627287,627307,38813,-5505,-5525
MTR_401,20220115,609000,566889,13,567834,567847,41166,-945,-958
MTR_401,20220116,66000,61895,6,61981,61987,4019,-86,-92
MTR_401,20220117,462000,455246,19,448075,448094,13925,7171,7152
MTR_401,20220118,464000,452320,14,452871,452885,11129,-551,-565
MTR_401,20220119,566000,493325,12,493882,493894,72118,-557,-569
MTR_401,20220120,511000,411491,10,411810,411820,99190,-319,-329
MTR_401,20220121,651000,613308,17,613751,613768,37249,-443,-460
MTR_401,20220122,526790,488301,16,476818,476834,49972,11483,11467
MTR_401,20220124,554000,539564,23,539829,539852,14171,-265,-288
MTR_401,20220125,521000,465673,19,465851,465870,55149,-178,-197
MTR_401,20220126,415000,414749,10,414886,414896,114,-137,-147
MTR_401,20220127,477000,462749,15,462882,462897,14118,-133,-148
MTR_401,20220128,538000,515723,18,515822,515840,22178,-99,-117
MTR_401,20220129,549000,506730,24,506830,506854,42170,-100,-124
MTR_401,20220130,49000,48976,0,48988,48988,12,-12,-12
MTR_401,20220131,646000,637703,14,631888,631902,14112,5815,5801
MTR_401,20220201,410000,395814,19,395910,395929,14090,-96,-115
MTR_401,20220202,482000,452782,15,452839,452854,29161,-57,-72
MTR_401,20220203,487100,471884,12,471848,471860,15252,36,24
MTR_401,20220204,555100,529856,16,529908,529924,25192,-52,-68
MTR_401,20220205,434100,419900,19,419905,419924,14195,-5,-24
MTR_401,20220206,49000,48978,3,48983,48986,17,-5,-8
MTR_401,20220207,552000,524752,21,524861,524882,27139,-109,-130
MTR_401,20220208,471000,465784,17,461101,461118,9899,4683,4666
MTR_401,20220209,455000,444798,18,444838,444856,10162,-40,-58
MTR_401,20220210,464000,463779,21,463832,463853,168,-53,-74
MTR_401,20220211,567000,543747,22,543837,543859,23163,-90,-112
MTR_401,20220212,476000,460801,9,460898,460907,15102,-97,-106
MTR_401,20220213,41000,40985,0,40989,40989,11,-4,-4
MTR_401,20220214,698000,668705,23,668836,668859,29164,-131,-154
MTR_401,20220215,809000,746708,47,746702,746749,62298,6,-41
MTR_401,20220216,556000,547819,19,547810,547829,8190,9,-10
MTR_401,20220217,456100,446953,17,446861,446878,9239,92,75
MTR_401,20220218,654000,609783,27,620808,620835,33192,-11025,-11052
MTR_401,20220219,497574,454377,14,441856,441870,55718,12521,12507
MTR_401,20220220,16000,15994,0,15998,15998,2,-4,-4
MTR_401,20220221,502000,498772,27,498887,498914,3113,-115,-142
MTR_401,20220222,475000,464782,18,464903,464921,10097,-121,-139
MTR_401,20220223,544000,509727,22,509892,509914,34108,-165,-187
MTR_401,20220224,518000,487733,20,491758,491778,26242,-4025,-4045
MTR_401,20220225,677000,633664,32,633782,633814,43218,-118,-150
MTR_401,20220226,484000,475768,24,478850,478874,5150,-3082,-3106
MTR_401,20220228,782000,735730,21,734367,734388,47633,1363,1342
MTR_401,20220301,621000,581799,17,581839,581856,39161,-40,-57
MTR_401,20220302,481100,432951,17,432936,432953,48164,15,-2
MTR_401,20220303,444000,428809,20,435908,435928,8092,-7099,-7119
MTR_401,20220304,574000,565760,23,565845,565868,8155,-85,-108
MTR_401,20220305,486000,450842,15,443005,443020,42995,7837,7822
MTR_401,20220306,32000,31991,1,31995,31996,5,-4,-5
MTR_401,20220307,598000,558874,25,558471,558496,39529,403,378
MTR_401,20220308,559000,540876,23,540877,540900,18123,-1,-24
MTR_401,20220309,535000,522893,20,522886,522906,12114,7,-13
MTR_401,20220310,535500,523354,19,512842,512861,22658,10512,10493
MTR_401,20220311,657000,642789,23,645805,645828,11195,-3016,-3039
MTR_401,20220312,503000,488833,17,488846,488863,14154,-13,-30
MTR_401,20220313,53000,52977,0,52984,52984,16,-7,-7
MTR_401,20220314,592000,575760,26,571802,571828,20198,3958,3932
MTR_401,20220315,635000,624842,29,624801,624830,10199,41,12
MTR_401,20220316,514000,472990,21,472912,472933,41088,78,57
MTR_401,20220317,589000,540026,13,539883,539896,49117,143,130
MTR_401,20220318,568200,538187,16,537931,537947,30269,256,240
MTR_401,20220319,481000,446948,16,446890,446906,34110,58,42
MTR_401,20220321,554000,538968,25,538865,538890,15135,103,78
MTR_401,20220322,479000,458961,23,458903,458926,20097,58,35
MTR_401,20220323,484000,413865,14,413580,413594,70420,285,271
MTR_401,20220324,537000,490141,18,489924,489942,47076,217,199
MTR_401,20220325,431000,399305,21,398957,398978,32043,348,327
MTR_401,20220326,433000,411270,11,410853,410864,22147,417,406
MTR_401,20220327,17000,32010,14998,16991,31989,9,15019,21
MTR_401,20220328,462000,459976,20,461871,461891,129,-1895,-1915
MTR_401,20220329,60000,59993,36000,59989,95989,11,4,-35996
MTR_401,20220330,262200,222067,19,254645,254664,7555,-32578,-32597
MTR_401,20220331,390000,371895,27,398834,398861,-8834,-26939,-26966
MTR_401,20220401,372340,349217,18,290565,290583,81775,58652,58634
MTR_401,20220402,159900,148919,13,157409,157422,2491,-8490,-8503
MTR_401,20220403,9000,8997,0,0,0,9000,8997,8997
MTR_401,20220404,208500,165574,10,165257,165267,43243,317,307
MTR_401,20220405,97000,97082,3,96984,96987,16,98,95
MTR_401,20220406,77300,69257,2,69113,69115,8187,144,142
MTR_401,20220407,191200,186307,22,186071,186093,5129,236,214
MTR_401,20220408,146000,134041,14,133950,133964,12050,91,77
MTR_401,20220409,169500,98504,8,98095,98103,71405,409,401
MTR_401,20220411,232500,232395,14,232213,232227,287,182,168
MTR_401,20220412,173200,173079,11,173036,173047,164,43,32
MTR_401,20220413,204000,195889,14,195304,195318,8696,585,571
MTR_401,20220414,147930,137854,12,137449,137461,10481,405,393
MTR_401,20220415,95600,95423,10,95156,95166,444,267,257
MTR_401,20220416,57000,49941,13,49983,49996,7017,-42,-55
MTR_401,20220419,167670,125390,14,118769,118783,48901,6621,6607
MTR_401,20220420,161410,155575,8,155639,155647,5771,-64,-72
MTR_401,20220421,272200,266653,20,266365,266385,5835,288,268
MTR_401,20220422,145100,144956,14,145050,145064,50,-94,-108
MTR_401,20220424,189200,187823,12,189090,189102,110,-1267,-1279
MTR_401,20220425,171600,166410,10,167243,167253,4357,-833,-843
MTR_401,20220426,158700,155577,14,156281,156295,2419,-704,-718
MTR_401,20220427,203500,180199,13,181120,181133,22380,-921,-934
MTR_401,20220428,141200,140093,10,140999,141009,201,-906,-916
MTR_401,20220429,196520,187015,7,180173,180180,16347,6842,6835
MTR_401,20220503,8000,7943,2,7998,8000,2,-55,-57
MTR_401,20220504,79100,74563,2,75016,75018,4084,-453,-455
MTR_401,20220505,162400,161240,9,162197,162206,203,-957,-966
MTR_401,20220506,123500,122617,7,123375,123382,125,-758,-765
MTR_401,20220507,146200,137211,4,138059,138063,8141,-848,-852
MTR_401,20220509,191800,190324,11,191361,191372,439,-1037,-1048
MTR_401,20220510,181200,174941,8,176031,176039,5169,-1090,-1098
MTR_401,20220511,224200,206712,14,208047,208061,16153,-1335,-1349
MTR_401,20220512,59200,58778,3,59087,59090,113,-309,-312
MTR_401,20220513,161100,159947,14,161062,161076,38,-1115,-1129
MTR_401,20220514,128200,127285,17,128126,128143,74,-841,-858
MTR_401,20220516,141200,134232,5,135088,135093,6112,-856,-861
MTR_401,20220517,138100,137114,10,138003,138013,97,-889,-899
MTR_401,20220518,180300,171864,18,172935,172953,7365,-1071,-1089
MTR_401,20220519,145600,130658,13,131166,131179,14434,-508,-521
MTR_401,20220520,182300,168090,12,169236,169248,13064,-1146,-1158
MTR_401,20220521,98500,97795,4,98223,98227,277,-428,-432
MTR_401,20220523,122100,109315,7,110060,110067,12040,-745,-752
MTR_401,20220524,70100,69598,15,70067,70082,33,-469,-484
MTR_401,20220525,91200,90548,13,91097,91110,103,-549,-562
MTR_401,20220526,185200,169977,7,171098,171105,14102,-1121,-1128
MTR_401,20220527,180300,172059,16,173185,173201,7115,-1126,-1142
MTR_401,20220528,136000,113185,17,111416,111433,24584,1769,1752
MTR_401,20220530,225500,203930,12,205051,205063,20449,-1121,-1133
MTR_401,20220531,108200,107426,15,119894,119909,-11694,-12468,-12483
MTR_401,20220601,225100,204629,18,194045,194063,31055,10584,10566
MTR_401,20220602,208700,196286,9,197449,197458,11251,-1163,-1172
MTR_401,20220603,235200,150117,17,139142,139159,96058,10975,10958
MTR_401,20220604,203400,194003,14,194992,195006,8408,-989,-1003
MTR_401,20220606,175100,78531,3,34995,34998,140105,43536,43533
MTR_401,20220607,261100,162927,4,127705,127709,133395,35222,35218
MTR_401,20220608,249400,189038,14,246137,246151,3263,-57099,-57113
MTR_401,20220609,266780,206117,15,246257,246272,20523,-40140,-40155
MTR_401,20220610,202400,179111,11,174172,174183,28228,4939,4928
MTR_401,20220611,237100,225476,13,227006,227019,10094,-1530,-1543
MTR_401,20220613,215300,183975,10,185110,185120,30190,-1135,-1145
MTR_401,20220614,252300,240564,8,242020,242028,10280,-1456,-1464
MTR_401,20220615,411900,403789,15013,406439,421452,5461,-2650,-17663
MTR_401,20220616,70100,53712,4,54010,54014,16090,-298,-302
MTR_401,20220617,285200,240467,9,244941,244950,40259,-4474,-4483
MTR_401,20220618,321500,298253,16,292197,292213,29303,6056,6040
MTR_401,20220620,298400,296266,766,295229,295995,3171,1037,271
MTR_401,20220621,265400,253573,24,255170,255194,10230,-1597,-1621
MTR_401,20220622,500100,468724,20,471889,471909,28211,-3165,-3185
MTR_401,20220623,367700,355143,21,357060,357081,10640,-1917,-1938
MTR_401,20220624,458800,437645,2441,437781,440222,21019,-136,-2577
MTR_401,20220625,259300,241560,9,243097,243106,16203,-1537,-1546
MTR_401,20220627,425400,402504,11,405101,405112,20299,-2597,-2608
MTR_401,20220628,536700,498113,14,501232,501246,35468,-3119,-3133
MTR_401,20220629,386600,361895,19,364102,364121,22498,-2207,-2226
MTR_401,20220630,412300,397436,10,400023,400033,12277,-2587,-2597
MTR_401,20220701,358300,345810,14,348131,348145,10169,-2321,-2335
MTR_401,20220702,254700,244935,11,246320,246331,8380,-1385,-1396
MTR_401,20220704,355200,289120,10,290971,290981,64229,-1851,-1861
MTR_401,20220705,370300,361694,21,363982,364003,6318,-2288,-2309
MTR_401,20220706,374600,334193,20,336202,336222,38398,-2009,-2029
MTR_401,20220707,290600,283554,17,285175,285192,5425,-1621,-1638
MTR_401,20220708,347600,280575,20,285309,285329,62291,-4734,-4754
MTR_401,20220709,141000,132052,7,129961,129968,11039,2091,2084
MTR_401,20220711,18000,17871,1,17997,17998,3,-126,-127
MTR_401,20220712,79000,76449,5,76977,76982,2023,-528,-533
MTR_401,20220713,82200,71683,3,72071,72074,10129,-388,-391
MTR_401,20220714,47000,46665,6,46982,46988,18,-317,-323
MTR_401,20220715,86000,77444,6,77969,77975,8031,-525,-531
MTR_401,20220716,336700,326349,19,328229,328248,8471,-1880,-1899
MTR_401,20220718,321600,309268,18,311185,311203,10415,-1917,-1935
MTR_401,20220719,274400,242652,13,247059,247072,27341,-4407,-4420
MTR_401,20220720,413600,351070,22,353297,353319,60303,-2227,-2249
MTR_401,20220721,181400,116560,14,117121,117135,64279,-561,-575
MTR_401,20220722,458500,254666,24,256159,256183,202341,-1493,-1517
MTR_401,20220723,288400,153296,23,154097,154120,134303,-801,-824
MTR_401,20220725,264400,199863,24,201142,201166,63258,-1279,-1303
MTR_401,20220726,250600,193207,27,200073,200100,50527,-6866,-6893
MTR_401,20220727,265540,248750,16,250319,250335,15221,-1569,-1585
MTR_401,20220728,196100,173850,16,175118,175134,20982,-1268,-1284
MTR_401,20220729,168500,167297,12,168105,168117,395,-808,-820
MTR_401,20220730,133300,104546,6,105144,105150,28156,-598,-604
MTR_401,20220801,503000,360404,28,362554,362582,140446,-2150,-2178
MTR_401,20220802,271400,248606,17,248761,248778,22639,-155,-172
MTR_401,20220803,443300,330917,24,322060,322084,121240,8857,8833
MTR_401,20220804,298600,276608,18,278193,278211,20407,-1585,-1603
MTR_401,20220805,243800,237092,18,239149,239167,4651,-2057,-2075
MTR_401,20220806,221500,209984,11,211350,211361,10150,-1366,-1377
MTR_401,20220807,20000,19857,1,19991,19992,9,-134,-135
MTR_401,20220808,255700,243744,15,245324,245339,10376,-1580,-1595
MTR_401,20220809,192400,161240,13,162245,162258,30155,-1005,-1018
MTR_401,20220810,255000,245235,15,246631,246646,8369,-1396,-1411
MTR_401,20220811,198000,196583,15,197455,197470,545,-872,-887
MTR_401,20220812,211800,210283,12,211422,211434,378,-1139,-1151
MTR_401,20220813,187300,181987,9,183120,183129,4180,-1133,-1142
MTR_401,20220814,30100,15985,1,24798,24799,5302,-8813,-8814
MTR_401,20220815,201100,191722,3,192991,192994,8109,-1269,-1272
MTR_401,20220816,406800,382047,21,395444,395465,11356,-13397,-13418
MTR_401,20220817,322500,311256,19,310288,310307,12212,968,949
MTR_401,20220818,231400,229749,12,231100,231112,300,-1351,-1363
MTR_401,20220819,225300,210782,11,212137,212148,13163,-1355,-1366
MTR_401,20220820,240600,238878,14,240296,240310,304,-1418,-1432
MTR_401,20220821,30100,29885,0,30072,30072,28,-187,-187
MTR_401,20220822,276900,264891,6,266338,266344,10562,-1447,-1453
MTR_401,20220823,308800,286634,14,288360,288374,20440,-1726,-1740
MTR_401,20220824,207600,198175,5,199332,199337,8268,-1157,-1162
MTR_401,20220825,246300,241457,9,245592,245601,708,-4135,-4144
MTR_401,20220826,169300,168092,2,169185,169187,115,-1093,-1095
MTR_401,20220827,205500,201051,8,202132,202140,3368,-1081,-1089
MTR_401,20220829,329100,316813,9,318751,318760,10349,-1938,-1947
MTR_401,20220830,193450,182139,8,183237,183245,10213,-1098,-1106
MTR_401,20220831,383500,336077,7,343205,343212,40295,-7128,-7135
MTR_401,20220901,208600,199165,10,200291,200301,8309,-1126,-1136
MTR_401,20220902,235500,220809,17,225279,225296,10221,-4470,-4487
MTR_401,20220903,337636,252814,16,242796,242812,94840,10018,10002
MTR_401,20220905,191558,155441,8,152234,152242,39324,3207,3199
MTR_401,20220906,196700,185362,14,196269,196283,431,-10907,-10921
MTR_401,20220907,121200,112391,7,113039,113046,8161,-648,-655
MTR_401,20220908,239300,210783,8,212136,212144,27164,-1353,-1361
MTR_401,20220909,345500,328132,15,331230,331245,14270,-3098,-3113
MTR_401,20220910,150600,145550,9,150245,150254,355,-4695,-4704
MTR_401,20220912,243600,236892,9,238359,238368,5241,-1467,-1476
MTR_401,20220913,210821,179528,7,174117,174124,36704,5411,5404
MTR_401,20220914,163300,148235,9,149099,149108,14201,-864,-873
MTR_401,20220915,121300,120433,5,121209,121214,91,-776,-781
MTR_401,20220916,236600,227954,79100,224637,303737,11963,3317,-75783
MTR_401,20220917,269500,267568,-3981,269315,265334,185,-1747,2234
MTR_401,20220919,282300,267370,12,269176,269188,13124,-1806,-1818
MTR_401,20220920,191200,176925,12,183093,183105,8107,-6168,-6180
MTR_401,20220921,310600,294476,13,296224,296237,14376,-1748,-1761
MTR_401,20220922,263300,231038,11,233236,233247,30064,-2198,-2209
MTR_401,20220923,358800,335284,18,336366,336384,22434,-1082,-1100
MTR_401,20220924,173360,172117,8,173231,173239,129,-1114,-1122
MTR_401,20220926,172400,157268,2,158207,158209,14193,-939,-941
MTR_401,20220927,134300,125397,6,126108,126114,8192,-711,-717
MTR_401,20220928,100400,91741,4,92158,92162,8242,-417,-421
MTR_401,20220929,134300,133239,6,134070,134076,230,-831,-837
MTR_401,20220930,113000,112192,8,112962,112970,38,-770,-778
MTR_401,20221001,234500,214949,96993,216366,313359,18134,-1417,-98410
MTR_401,20221004,309528,288416,91141,290328,381469,19200,-1912,-93053
MTR_401,20221005,187500,186170,6,187343,187349,157,-1173,-1179
MTR_401,20221006,89300,82607,5,83058,83063,6242,-451,-456
MTR_401,20221007,247700,245415,80984,257347,338331,-9647,-11932,-92916
MTR_401,20221008,275100,245840,-5985,249122,243137,25978,-3282,2703
MTR_401,20221010,155600,150105,7,151169,151176,4431,-1064,-1071
MTR_401,20221011,47000,42613,3,46989,46992,11,-4376,-4379
MTR_401,20221012,281600,255323,9,257330,257339,24270,-2007,-2016
MTR_401,20221013,301500,273073,13,275228,275241,26272,-2155,-2168
MTR_401,20221014,392600,364362,8,367283,367291,25317,-2921,-2929
MTR_401,20221015,360100,340846,14,345578,345592,14522,-4732,-4746
MTR_401,20221017,217700,214638,18,217343,217361,357,-2705,-2723
MTR_401,20221018,141500,128719,18,138214,138232,3286,-9495,-9513
MTR_401,20221019,227100,210219,14,212404,212418,14696,-2185,-2199
MTR_401,20221020,15000,14811,273217,14999,288216,1,-188,-273405
MTR_401,20221021,257600,254457,18,257316,257334,284,-2859,-2877
MTR_401,20221022,306200,275325,18,277044,277062,29156,-1719,-1737
MTR_401,20221023,14100,13958,0,14059,14059,41,-101,-101
MTR_401,20221024,248500,236079,16,238118,238134,10382,-2039,-2055
MTR_401,20221025,253400,250879,24,253267,253291,133,-2388,-2412
MTR_401,20221026,334800,314593,21,309214,309235,25586,5379,5358
MTR_401,20221027,337400,325245,21,328071,328092,9329,-2826,-2847
MTR_401,20221028,333639,330516,22,333228,333250,411,-2712,-2734
MTR_401,20221029,326900,324004,22,326570,326592,330,-2566,-2588
MTR_401,20221031,440000,403675,27,398536,398563,41464,5139,5112
MTR_401,20221101,94300,89479,10,90125,90135,4175,-646,-656
MTR_401,20221102,151100,139772,7,130987,130994,20113,8785,8778
MTR_401,20221103,272400,257056,14,259217,259231,13183,-2161,-2175
MTR_401,20221104,231600,229591,10,231195,231205,405,-1604,-1614
MTR_401,20221105,171800,164404,11,165455,165466,6345,-1051,-1062
MTR_401,20221107,193200,191715,3,193072,193075,128,-1357,-1360
MTR_401,20221108,84100,83465,10,84020,84030,80,-555,-565
MTR_401,20221109,184100,182812,15,183998,184013,102,-1186,-1201
MTR_401,20221110,92000,91378,10,91971,91981,29,-593,-603
MTR_401,20221111,169300,160232,6,161285,161291,8015,-1053,-1059
MTR_401,20221112,87200,86638,9,86968,86977,232,-330,-339
MTR_401,20221114,161100,153057,8,153980,153988,7120,-923,-931
MTR_401,20221115,148310,147262,12,148159,148171,151,-897,-909
MTR_401,20221116,346000,331673,24,333440,333464,12560,-1767,-1791
MTR_401,20221117,358900,349495,9,351308,351317,7592,-1813,-1822
MTR_401,20221118,331700,319585,22,321228,321250,10472,-1643,-1665
MTR_401,20221119,144400,143513,14,144194,144208,206,-681,-695
MTR_401,20221121,333500,312766,16,314237,314253,19263,-1471,-1487
MTR_401,20221122,219740,215538,14,216599,216613,3141,-1061,-1075
MTR_401,20221123,206400,187381,12,178174,178186,28226,9207,9195
MTR_401,20221124,210600,196569,16,197300,197316,13300,-731,-747
MTR_401,20221125,322700,307826,17,309202,309219,13498,-1376,-1393
MTR_401,20221126,145000,144169,14,144961,144975,39,-792,-806
MTR_401,20221128,159700,152899,6,153231,153237,6469,-332,-338
MTR_401,20221129,95200,94750,8,95052,95060,148,-302,-310
MTR_401,20221130,94000,93610,5,93987,93992,13,-377,-382
MTR_401,20221201,86100,75810,9,76072,76081,10028,-262,-271
MTR_401,20221202,282300,272339,11,273133,273144,9167,-794,-805
MTR_401,20221203,250600,249844,14,250233,250247,367,-389,-403
MTR_401,20221204,47000,46861,-1,46984,46983,16,-123,-122
MTR_401,20221205,319740,278943,12,279387,279399,40353,-444,-456
MTR_401,20221206,281500,262525,12,264175,264187,17325,-1650,-1662
MTR_401,20221207,270500,261508,16,262284,262300,8216,-776,-792
MTR_401,20221208,208500,202745,8,203200,203208,5300,-455,-463
MTR_401,20221209,173400,172785,12,173184,173196,216,-399,-411
MTR_401,20221210,112300,106928,5,107130,107135,5170,-202,-207
MTR_401,20221212,68100,67855,3,68042,68045,58,-187,-190
MTR_401,20221213,23100,23006,3,23091,23094,9,-85,-88
MTR_401,20221214,86200,85839,4,86069,86073,131,-230,-234
MTR_401,20221215,94100,93726,5,94030,94035,70,-304,-309
MTR_401,20221216,337400,320208,17,321157,321174,16243,-949,-966
MTR_401,20221217,282500,273506,14,274265,274279,8235,-759,-773
MTR_401,20221218,10000,0,1,8837,8838,1163,-8837,-8838
MTR_401,20221219,339030,314865,10,315561,315571,23469,-696,-706
MTR_401,20221220,240700,239858,16,240372,240388,328,-514,-530
MTR_401,20221221,151400,142918,8,149952,149960,1448,-7034,-7042
MTR_401,20221222,306800,305684,15,306340,306355,460,-656,-671
MTR_401,20221223,412900,379660,21,370313,370334,42587,9347,9326
MTR_401,20221224,94100,93806,4,94039,94043,61,-233,-237
MTR_401,20221226,206300,193696,11,194072,194083,12228,-376,-387
MTR_401,20221227,157500,157090,10,157313,157323,187,-223,-233
MTR_401,20221230,316200,304954,55001,306071,361072,10129,-1117,-56118
MTR_401,20221231,119000,113567,7,113979,113986,5021,-412,-419
MTR_401,20230102,144000,142588,3,142974,142977,1026,-386,-389
MTR_401,20230103,492000,458672,14,459925,459939,32075,-1253,-1267
MTR_401,20230104,415000,394871,4183,406785,410968,8215,-11914,-16097
MTR_401,20230105,497000,474657,13,460974,460987,36026,13683,13670
MTR_401,20230106,541000,502616,14,504016,504030,36984,-1400,-1414
MTR_401,20230107,372000,353095,9,354029,354038,17971,-934,-943
MTR_401,20230108,33000,32916,3,33003,33006,-3,-87,-90
MTR_401,20230109,426000,391893,20,393022,393042,32978,-1129,-1149
MTR_401,20230110,459000,457591,28,459019,459047,-19,-1428,-1456
MTR_401,20230111,208000,198375,12,199017,199029,8983,-642,-654
MTR_401,20230112,391000,379865,25,381021,381046,9979,-1156,-1181
MTR_401,20230113,404000,386588,13023,399976,412999,4024,-13388,-26411
MTR_401,20230114,377000,351617,-7618,336618,329000,40382,14999,22617
MTR_401,20230116,443000,415585,26,415996,416022,27004,-411,-437
MTR_401,20230117,480000,469561,13,470004,470017,9996,-443,-456
MTR_401,20230118,367000,363713,19,364030,364049,2970,-317,-336
MTR_401,20230119,449000,410247,19,409963,409982,39037,284,265
MTR_401,20230120,463000,432323,16,431964,431980,31036,359,343
MTR_401,20230121,389000,380904,15,380970,380985,8030,-66,-81
MTR_401,20230122,39000,28988,1,29000,29001,10000,-12,-13
MTR_401,20230123,464000,451053,19,450986,451005,13014,67,48
MTR_401,20230124,361000,353023,15,353009,353024,7991,14,-1
MTR_401,20230125,376000,363258,19,363013,363032,12987,245,226
MTR_401,20230126,370000,360455,21,360010,360031,9990,445,424
MTR_401,20230127,489000,481710,28,481040,481068,7960,670,642
MTR_401,20230128,365000,357684,18,357039,357057,7961,645,627
MTR_401,20230129,25000,25086,1,25006,25007,-6,80,79
MTR_401,20230130,476000,440666,20,439945,439965,36055,721,701
MTR_401,20230131,422000,383483,23,383013,383036,38987,470,447
MTR_401,20230201,349000,338429,10,338046,338056,10954,383,373
MTR_401,20230202,458000,458507,17,457942,457959,58,565,548
MTR_401,20230203,454000,422495,18,421960,421978,32040,535,517
MTR_401,20230204,345000,328345,13,327989,328002,17011,356,343
MTR_401,20230205,14000,14018,0,13998,13998,2,20,20
MTR_401,20230206,433000,395358,13,394982,394995,38018,376,363
MTR_401,20230207,540000,470459,15,469955,469970,70045,504,489
MTR_401,20230208,394000,385640,19,384972,384991,9028,668,649
MTR_401,20230209,426000,420551,20,419958,419978,6042,593,573
MTR_401,20230210,449000,430377,10,434953,434963,14047,-4576,-4586
MTR_401,20230211,369000,359346,12,358966,358978,10034,380,368
MTR_401,20230212,32000,32029,1,31996,31997,4,33,32
MTR_401,20230213,371000,355298,6,354985,354991,16015,313,307
MTR_401,20230214,598000,260202,17,268012,268029,329988,-7810,-7827
MTR_401,20230215,441000,422304,9,421993,422002,19007,311,302
MTR_401,20230216,432000,432297,13,432014,432027,-14,283,270
MTR_401,20230217,571000,532326,19,532061,532080,38939,265,246
MTR_401,20230218,423000,416233,13,416017,416030,6983,216,203
MTR_401,20230219,31000,31014,1,31001,31002,-1,13,12
MTR_401,20230220,462000,420469,7473,429041,436514,32959,-8572,-16045
MTR_401,20230221,402000,377130,18,360014,360032,41986,17116,17098
MTR_401,20230222,487000,469289,12,470022,470034,16978,-733,-745
MTR_401,20230223,371000,362052,17,363034,363051,7966,-982,-999
MTR_401,20230224,174000,173575,3,174022,174025,-22,-447,-450
MTR_401,20230227,133000,132772,10,132998,133008,2,-226,-236
MTR_401,20230228,243000,230631,13,230987,231000,12013,-356,-369
MTR_401,20230301,415000,414433,23,434998,435021,-19998,-20565,-20588
MTR_401,20230302,163000,157859,5,144005,144010,18995,13854,13849
MTR_401,20230303,436000,435782,26,430092,430118,5908,5690,5664
MTR_401,20230304,407000,398844,11,399053,399064,7947,-209,-220
MTR_401,20230305,33000,33010,2,32994,32996,6,16,14
MTR_401,20230306,393000,374891,16,374985,375001,18015,-94,-110
MTR_401,20230307,450000,426739,13,426976,426989,23024,-237,-250
MTR_401,20230308,414000,409662,19,410016,410035,3984,-354,-373
MTR_401,20230309,465000,443632,14,444000,444014,21000,-368,-382
MTR_401,20230310,552000,512660,21,513004,513025,38996,-344,-365
MTR_401,20230311,391000,382834,21,383031,383052,7969,-197,-218
MTR_401,20230312,10000,9994,2,10000,10002,0,-6,-8
MTR_401,20230313,578000,524637,28,524943,524971,53057,-306,-334
MTR_401,20230314,596200,460791,28,460994,461022,135206,-203,-231
MTR_401,20230315,599000,580539,30,581006,581036,17994,-467,-497
MTR_401,20230316,378000,377525,25,377985,378010,15,-460,-485
MTR_401,20230317,516000,514515,27,516025,516052,-25,-1510,-1537
MTR_401,20230318,388000,386836,14,387979,387993,21,-1143,-1157
MTR_401,20230320,593000,579476,19,581988,582007,11012,-2512,-2531
MTR_401,20230321,592000,554618,19,557005,557024,34995,-2387,-2406
MTR_401,20230322,656000,579572,25,581992,582017,74008,-2420,-2445
MTR_401,20230323,464100,431343,17,433032,433049,31068,-1689,-1706
MTR_401,20230324,460000,447193,18,452007,452025,7993,-4814,-4832
MTR_401,20230325,342000,309858,18,310969,310987,31031,-1111,-1129
MTR_401,20230326,19000,18926,0,19000,19000,0,-74,-74
MTR_401,20230327,348000,332665,25,333978,334003,14022,-1313,-1338
MTR_401,20230328,402000,400473,15,402026,402041,-26,-1553,-1568
MTR_401,20230329,408000,398568,15,399946,399961,8054,-1378,-1393
MTR_401,20230330,403000,385053,12,380971,380983,22029,4082,4070
MTR_401,20230331,445000,403016,18,403963,403981,41037,-947,-965
MTR_401,20230401,433000,391044,19,391955,391974,41045,-911,-930
MTR_401,20230402,24000,23938,3,23999,24002,1,-61,-64
MTR_401,20230403,598000,487517,27,483244,483271,114756,4273,4246
MTR_401,20230404,598000,536452,25,532560,532585,65440,3892,3867
MTR_401,20230405,1175000,467643,38,469003,469041,705997,-1360,-1398
MTR_401,20230406,425000,389898,17,391008,391025,33992,-1110,-1127
MTR_401,20230407,481000,457475,19,459037,459056,21963,-1562,-1581
MTR_401,20230408,385000,345882,14,346988,347002,38012,-1106,-1120
MTR_401,20230410,643000,513368,39,507351,507390,135649,6017,5978
MTR_401,20230411,363000,356819,25,358012,358037,4988,-1193,-1218
MTR_401,20230412,554000,490414,28,492031,492059,61969,-1617,-1645
MTR_401,20230413,462000,424930,23,421026,421049,40974,3904,3881
MTR_401,20230414,414000,387980,33,389063,389096,24937,-1083,-1116
MTR_401,20230415,374000,331022,15,341218,341233,32782,-10196,-10211
MTR_401,20230417,394000,329112,24,334937,334961,59063,-5825,-5849
MTR_401,20230418,488000,413983,21,415968,415989,72032,-1985,-2006
MTR_401,20230419,624000,488663,35,479785,479820,144215,8878,8843
MTR_401,20230420,554000,457642,29,459985,460014,94015,-2343,-2372
MTR_401,20230421,419000,300361,15,299289,299304,119711,1072,1057
MTR_401,20230423,68000,55704,4,55995,55999,12005,-291,-295
MTR_401,20230424,443000,249670,16,249823,249839,193177,-153,-169
MTR_401,20230425,417000,292452,15,291758,291773,125242,694,679
MTR_401,20230426,553000,357066,24,351806,351830,201194,5260,5236
MTR_401,20230427,465000,383875,15,385976,385991,79024,-2101,-2116
MTR_401,20230428,548000,375916,17,377150,377167,170850,-1234,-1251
MTR_401,20230429,285000,219773,12,212994,213006,72006,6779,6767
MTR_401,20230501,95000,88503,3,88990,88993,6010,-487,-490
MTR_401,20230502,462000,350998,20,341844,341864,120156,9154,9134
MTR_401,20230503,663000,548863,32,538066,538098,124934,10797,10765
MTR_401,20230504,724000,622820,44,624903,624947,99097,-2083,-2127
MTR_401,20230505,418000,371658,32,372940,372972,45060,-1282,-1314
MTR_401,20230506,916000,466100,40,465330,465370,450670,770,730
MTR_401,20230507,14000,13849,0,13997,13997,3,-148,-148
MTR_401,20230508,520000,437349,29,441947,441976,78053,-4598,-4627
MTR_401,20230509,735000,451295,42,452801,452843,282199,-1506,-1548
MTR_401,20230510,1035000,382079,54,378097,378151,656903,3982,3928
MTR_401,20230511,672000,449466,26,449477,449503,222523,-11,-37
MTR_401,20230512,521000,354803,30,355822,355852,165178,-1019,-1049
MTR_401,20230513,607000,333283,20,326067,326087,280933,7216,7196
MTR_401,20230514,31000,30754,2,30995,30997,5,-241,-243
MTR_401,20230515,645000,370072,34,365238,365272,279762,4834,4800
MTR_401,20230516,583000,445507,7030,440231,447261,142769,5276,-1754
MTR_401,20230517,880000,479315,44,477839,477883,402161,1476,1432
MTR_401,20230518,611000,388100,24,391021,391045,219979,-2921,-2945
MTR_401,20230519,720000,353489,33,354592,354625,365408,-1103,-1136
MTR_401,20230520,835000,289159,37,280844,280881,554156,8315,8278
MTR_401,20230521,31000,30808,0,30997,30997,3,-189,-189
MTR_401,20230522,750000,496997,44,490270,490314,259730,6727,6683
MTR_401,20230523,554000,369836,9034,346700,355734,207300,23136,14102
MTR_401,20230524,539000,384785,28,387343,387371,151657,-2558,-2586
MTR_401,20230525,563000,397718,33,395012,395045,167988,2706,2673
MTR_401,20230526,677000,452418,43,439071,439114,237929,13347,13304
MTR_401,20230527,703000,375800,-29964,401063,371099,301937,-25263,4701
MTR_401,20230528,48000,47726,3,47999,48002,1,-273,-276
MTR_401,20230529,633000,391738,47,388194,388241,244806,3544,3497
MTR_401,20230530,772000,418723,42,408368,408410,363632,10355,10313
MTR_401,20230531,621000,461752,40,458177,458217,162823,3575,3535
MTR_401,20230601,596000,366419,39,352974,353013,243026,13445,13406
MTR_401,20230602,1069000,462704,54,454142,454196,614858,8562,8508
MTR_401,20230603,715000,311802,41,303763,303804,411237,8039,7998
MTR_401,20230604,17000,16868,2,17000,17002,0,-132,-134
MTR_401,20230605,745000,396104,55,389294,389349,355706,6810,6755
MTR_401,20230606,754000,499355,48,498615,498663,255385,740,692
MTR_401,20230607,864000,355356,54,349064,349118,514936,6292,6238
MTR_401,20230608,630000,331602,35,322462,322497,307538,9140,9105
MTR_401,20230609,716000,461108,35,461379,461414,254621,-271,-306
MTR_401,20230610,528000,318452,32,306249,306281,221751,12203,12171
MTR_401,20230611,13000,12935,1,13000,13001,0,-65,-66
MTR_401,20230612,663000,410876,33,408243,408276,254757,2633,2600
MTR_401,20230613,440100,421830,21,424100,424121,16000,-2270,-2291
MTR_401,20230614,426856,393652,32,395890,395922,30966,-2238,-2270
MTR_401,20230615,499000,449358,39,464986,465025,34014,-15628,-15667
MTR_401,20230616,571000,488772,39,484383,484422,86617,4389,4350
MTR_401,20230617,492000,444568,18,445676,445694,46324,-1108,-1126
MTR_401,20230618,19000,18898,1,18999,19000,1,-101,-102
MTR_401,20230619,420000,369958,8,371015,371023,48985,-1057,-1065
MTR_401,20230620,539930,364960,19,369510,369529,170420,-4550,-4569
MTR_401,20230621,532000,307032,15,305475,305490,226525,1557,1542
MTR_401,20230622,647000,356004,27,358998,359025,288002,-2994,-3021
MTR_401,20230623,873000,496794,37,501997,502034,371003,-5203,-5240
MTR_401,20230624,868100,410587,39,410368,410407,457732,219,180
MTR_401,20230625,22000,21813,3,22001,22004,-1,-188,-191
MTR_401,20230626,775000,501581,31,496873,496904,278127,4708,4677
MTR_401,20230627,626000,377372,41,346818,346859,279182,30554,30513
MTR_401,20230628,660000,465465,27,463878,463905,196122,1587,1560
MTR_401,20230630,329000,181109,18,160435,160453,168565,20674,20656
MTR_401,20230701,387000,240531,16,239621,239637,147379,910,894
MTR_401,20230703,344000,181927,20,178737,178757,165263,3190,3170
MTR_401,20230704,666000,348399,28,348498,348526,317502,-99,-127
MTR_401,20230705,558000,252412,30,247422,247452,310578,4990,4960
MTR_401,20230706,395000,227678,18,227738,227756,167262,-60,-78
MTR_401,20230707,526000,331607,34,323457,323491,202543,8150,8116
MTR_401,20230708,499100,279989,17,275692,275709,223408,4297,4280
MTR_401,20230710,450000,365193,16,366508,366524,83492,-1315,-1331
MTR_401,20230711,533000,375743,20,360525,360545,172475,15218,15198
MTR_401,20230712,525000,402414,33,391732,391765,133268,10682,10649
MTR_401,20230713,651000,355774,26,352620,352646,298380,3154,3128
MTR_401,20230714,912000,452794,34,456973,457007,455027,-4179,-4213
MTR_401,20230715,798100,342850,20,345987,346007,452113,-3137,-3157
MTR_401,20230716,55000,42595,3,43012,43015,11988,-417,-420
MTR_401,20230717,1489000,494078,58,483469,483527,1005531,10609,10551
MTR_401,20230718,731000,392236,24,388307,388331,342693,3929,3905
MTR_401,20230719,470000,317155,18,312179,312197,157821,4976,4958
MTR_402,20210927,37000,36700,-1,131884,131883,-94884,-95184,-95183
MTR_402,20210928,74000,73378,2,73915,73917,85,-537,-539
MTR_402,20210929,75000,67424,0,67920,67920,7080,-496,-496
MTR_402,20210930,82200,81360,1,81945,81946,255,-585,-586
MTR_402,20211001,128000,100052,1,95926,95927,32074,4126,4125
MTR_402,20211002,59000,53484,1,53944,53945,5056,-460,-461
MTR_402,20211004,70000,69340,0,69963,69963,37,-623,-623
MTR_402,20211005,67000,62409,-1,62951,62950,4049,-542,-541
MTR_402,20211006,117100,115962,1,116982,116983,118,-1020,-1021
MTR_402,20211007,97200,96271,2,97083,97085,117,-812,-814
MTR_402,20211008,79000,78242,1,78931,78932,69,-689,-690
MTR_402,20211009,76000,67338,1997,67938,69935,8062,-600,-2597
MTR_402,20211011,74000,67323,0,67947,67947,6053,-624,-624
MTR_402,20211012,108000,103954,4,104935,104939,3065,-981,-985
MTR_402,20211013,62000,58398,81946,60965,142911,1035,-2567,-84513
MTR_402,20211014,21100,20888,48960,25031,73991,-3931,-4143,-53103
MTR_402,20211015,151000,139622,0,140880,140880,10120,-1258,-1258
MTR_402,20211016,87000,86172,-1,80939,80938,6061,5233,5234
MTR_402,20211017,10000,9907,0,9990,9990,10,-83,-83
MTR_402,20211018,114000,113424,2,113908,113910,92,-484,-486
MTR_402,20211019,39000,38805,-2,38972,38970,28,-167,-165
MTR_402,20211020,23000,22863,1,22979,22980,21,-116,-117
MTR_402,20211021,82000,81511,1,81941,81942,59,-430,-431
MTR_402,20211022,75000,68581,-1,68941,68940,6059,-360,-359
MTR_402,20211023,80000,79527,2,79940,79942,60,-413,-415
MTR_402,20211024,3000,2982,1,2997,2998,3,-15,-16
MTR_402,20211025,115000,105333,0,105936,105936,9064,-603,-603
MTR_402,20211026,97000,86437,-1,86930,86929,10070,-493,-492
MTR_402,20211027,53000,52647,2,55953,55955,-2953,-3306,-3308
MTR_402,20211028,71000,70513,1,67939,67940,3061,2574,2573
MTR_402,20211029,81000,80448,1,80916,80917,84,-468,-469
MTR_402,20211030,102000,97299,4,97905,97909,4095,-606,-610
MTR_402,20211031,8000,7940,0,7990,7990,10,-50,-50
MTR_402,20211101,72000,67478,0,67927,67927,4073,-449,-449
MTR_402,20211102,102000,101220,-2,101918,101916,82,-698,-696
MTR_402,20211103,82000,81418,0,81925,81925,75,-507,-507
MTR_402,20211104,62000,61593,-2,61946,61944,54,-353,-351
MTR_402,20211105,87000,86477,2,86911,86913,89,-434,-436
MTR_402,20211106,15000,14919,0,14986,14986,14,-67,-67
MTR_402,20211108,69000,63724,-1,63937,63936,5063,-213,-212
MTR_402,20211109,68000,67716,0,67942,67942,58,-226,-226
MTR_402,20211110,74000,73704,2,73938,73940,62,-234,-236
MTR_402,20211111,84000,83672,-1,83926,83925,74,-254,-253
MTR_402,20211112,81000,80683,0,80930,80930,70,-247,-247
MTR_402,20211113,79000,78694,1,78936,78937,64,-242,-243
MTR_402,20211115,79000,78677,1,78931,78932,69,-254,-255
MTR_402,20211116,94000,80674,1,80942,80943,13058,-268,-269
MTR_402,20211117,133200,122709,0,123058,123058,10142,-349,-349
MTR_402,20211118,98000,94653,1,94935,94936,3065,-282,-283
MTR_402,20211119,122000,121571,0,121908,121908,92,-337,-337
MTR_402,20211120,67000,66758,-1,66946,66945,54,-188,-187
MTR_402,20211121,38000,34891,0,34979,34979,3021,-88,-88
MTR_402,20211122,109000,108658,-2,108913,108911,87,-255,-253
MTR_402,20211123,115100,111795,1,111996,111997,3104,-201,-202
MTR_402,20211124,151000,107771,0,107450,107450,43550,321,321
MTR_402,20211125,94000,90785,0,90922,90922,3078,-137,-137
MTR_402,20211126,184100,131784,-2,131998,131996,52102,-214,-212
MTR_402,20211127,82000,69864,0,68647,68647,13353,1217,1217
MTR_402,20211129,60100,58038,0,58065,58065,2035,-27,-27
MTR_402,20211130,39000,38958,0,38975,38975,25,-17,-17
MTR_402,20211201,106200,102134,1,102059,102060,4141,75,74
MTR_402,20211202,101000,98947,2,98888,98890,2112,59,57
MTR_402,20211203,45000,40991,-1,40971,40970,4029,20,21
MTR_402,20211204,82000,70999,2,70907,70909,11093,92,90
MTR_402,20211205,5000,5000,-1,4991,4990,9,9,10
MTR_402,20211206,143100,132096,2,132008,132010,11092,88,86
MTR_402,20211207,62000,62012,0,61934,61934,66,78,78
MTR_402,20211208,77000,69000,0,68932,68932,8068,68,68
MTR_402,20211209,51000,51008,1,50955,50956,45,53,52
MTR_402,20211210,77000,75003,-3,74929,74926,2071,74,77
MTR_402,20211211,72000,71997,0,71943,71943,57,54,54
MTR_402,20211213,76100,76082,2,75935,75937,165,147,145
MTR_402,20211214,51000,50974,0,50949,50949,51,25,25
MTR_402,20211215,36000,35980,-1,35958,35957,42,22,23
MTR_402,20211216,103000,95934,2,95916,95918,7084,18,16
MTR_402,20211217,66000,65950,0,71941,71941,-5941,-5991,-5991
MTR_402,20211218,125000,94922,0,94914,94914,30086,8,8
MTR_402,20211219,19000,15985,1,15989,15990,3011,-4,-5
MTR_402,20211220,103000,102896,-1,102906,102905,94,-10,-9
MTR_402,20211221,192000,174835,-1,174860,174859,17140,-25,-24
MTR_402,20211222,155100,149936,3,149882,149885,5218,54,51
MTR_402,20211223,154000,150838,1,150897,150898,3103,-59,-60
MTR_402,20211224,187000,173818,0,173862,173862,13138,-44,-44
MTR_402,20211225,90000,89903,0,89893,89893,107,10,10
MTR_402,20211227,98000,97823,-1,97914,97913,86,-91,-90
MTR_402,20211228,114000,75840,1,75925,75926,38075,-85,-86
MTR_402,20211229,70000,69846,14,69942,69956,58,-96,-110
MTR_402,20211230,64000,61884,0,61928,61928,2072,-44,-44
MTR_402,20211231,90000,89865,0,89922,89922,78,-57,-57
MTR_402,20220101,36000,35959,2,35967,35969,33,-8,-10
MTR_402,20220103,72000,68989,3,68936,68939,3064,53,50
MTR_402,20220104,115000,114973,2,114905,114907,95,68,66
MTR_402,20220105,96000,95988,-1,95933,95932,67,55,56
MTR_402,20220106,87000,83992,1,83922,83923,3078,70,69
MTR_402,20220107,172100,167165,-1,166947,166946,5153,218,219
MTR_402,20220108,81000,77016,1,76939,76940,4061,77,76
MTR_402,20220110,161000,149028,-2,148892,148890,12108,136,138
MTR_402,20220111,47000,47061,1,46956,46957,44,105,104
MTR_402,20220112,72000,68927,-1,71108,71107,892,-2181,-2180
MTR_402,20220113,107000,107669,0,106908,106908,92,761,761
MTR_402,20220114,58000,58339,-2,57950,57948,50,389,391
MTR_402,20220115,83000,83439,1,82931,82932,69,508,507
MTR_402,20220117,82000,82360,0,77956,77956,4044,4404,4404
MTR_402,20220118,52000,52197,0,51967,51967,33,230,230
MTR_402,20220119,96000,69242,0,68954,68954,27046,288,288
MTR_402,20220120,61000,56181,0,55931,55931,5069,250,250
MTR_402,20220121,47000,45128,-1,44949,44948,2051,179,180
MTR_402,20220122,86000,86221,1,85922,85923,78,299,298
MTR_402,20220124,42000,40081,-1,39958,39957,2042,123,124
MTR_402,20220125,61000,61123,0,60957,60957,43,166,166
MTR_402,20220126,47000,47086,-1,46969,46968,31,117,118
MTR_402,20220127,84000,74119,1,73943,73944,10057,176,175
MTR_402,20220128,123000,119154,-3,118898,118895,4102,256,259
MTR_402,20220129,91000,86087,2,85915,85917,5085,172,170
MTR_402,20220130,23000,23018,1,22979,22980,21,39,38
MTR_402,20220131,114100,114179,-2,108855,108853,5245,5324,5326
MTR_402,20220201,52000,52034,-1,51957,51956,43,77,78
MTR_402,20220202,110100,76136,-1,102414,102413,7686,-26278,-26277
MTR_402,20220203,107000,102039,-1,101924,101923,5076,115,116
MTR_402,20220204,87000,85031,1,84927,84928,2073,104,103
MTR_402,20220205,98000,94021,-3,93934,93931,4066,87,90
MTR_402,20220206,19000,19002,0,18991,18991,9,11,11
MTR_402,20220207,92000,86002,0,85936,85936,6064,66,66
MTR_402,20220208,53000,52997,-1,52955,52954,45,42,43
MTR_402,20220209,62000,61994,1,61938,61939,62,56,55
MTR_402,20220210,62000,61994,1,61937,61938,63,57,56
MTR_402,20220211,98000,97985,1,97903,97904,97,82,81
MTR_402,20220212,101000,97982,-2,97918,97916,3082,64,66
MTR_402,20220213,2000,2000,0,1996,1996,4,4,4
MTR_402,20220214,93000,90975,1,90900,90901,2100,75,74
MTR_402,20220215,146000,129968,2,129877,129879,16123,91,89
MTR_402,20220216,120000,116981,2,116902,116904,3098,79,77
MTR_402,20220217,93000,92979,1,92921,92922,79,58,57
MTR_402,20220218,65000,64983,0,64941,64941,59,42,42
MTR_402,20220219,78000,77965,0,77939,77939,61,26,26
MTR_402,20220221,74000,73961,-1,73939,73938,61,22,23
MTR_402,20220222,36000,35975,0,35967,35967,33,8,8
MTR_402,20220223,77000,76909,0,76938,76938,62,-29,-29
MTR_402,20220224,81100,81019,1,80942,80943,158,77,76
MTR_402,20220225,151000,132867,2,132877,132879,18123,-10,-12
MTR_402,20220226,136000,135895,0,135898,135898,102,-3,-3
MTR_402,20220228,153000,148957,-3,148867,148864,4133,90,93
MTR_402,20220301,95000,94931,0,94916,94916,84,15,15
MTR_402,20220302,79000,72913,-3,72942,72939,6058,-29,-26
MTR_402,20220303,112000,111865,-2,111892,111890,108,-27,-25
MTR_402,20220304,166100,159956,0,159913,159913,6187,43,43
MTR_402,20220305,107000,98937,-2,98907,98905,8093,30,32
MTR_402,20220307,127000,120972,0,120890,120890,6110,82,82
MTR_402,20220308,96000,95958,2,95912,95914,88,46,44
MTR_402,20220309,89000,84971,0,84917,84917,4083,54,54
MTR_402,20220310,126000,125919,6,125876,125882,124,43,37
MTR_402,20220311,112100,112033,-1,111913,111912,187,120,121
MTR_402,20220312,104000,95918,3,95914,95917,8086,4,1
MTR_402,20220313,13000,12986,0,12988,12988,12,-2,-2
MTR_402,20220314,134000,129913,3,129878,129881,4122,35,32
MTR_402,20220315,120000,115972,1,115888,115889,4112,84,83
MTR_402,20220316,85000,85023,1,84923,84924,77,100,99
MTR_402,20220317,100000,100034,-1,99910,99909,90,124,125
MTR_402,20220318,144000,136031,-2,135887,135885,8113,144,146
MTR_402,20220319,71000,68002,3,67940,67943,3060,62,59
MTR_402,20220321,124000,119968,2,119898,119900,4102,70,68
MTR_402,20220322,108000,107961,-1,107908,107907,92,53,54
MTR_402,20220323,104000,100944,-1,100905,100904,3095,39,40
MTR_402,20220324,116000,102965,2,102910,102912,13090,55,53
MTR_402,20220325,87000,87004,0,86923,86923,77,81,81
MTR_402,20220326,86000,77010,1,76915,76916,9085,95,94
MTR_402,20220327,4000,8999,4998,3996,8994,4,5003,5
MTR_402,20220328,124100,124051,-1,123985,123984,115,66,67
MTR_402,20220329,16000,15994,0,15989,15989,11,5,5
MTR_402,20220404,13000,13002,9993,12989,22982,11,13,-9980
MTR_402,20220405,53000,53004,0,52978,52978,22,26,26
MTR_402,20220406,29000,29021,0,28978,28978,22,43,43
MTR_402,20220407,16000,16007,0,15987,15987,13,20,20
MTR_402,20220408,53000,53014,-1,52971,52970,29,43,44
MTR_402,20220409,21000,15998,1,15987,15988,5013,11,10
MTR_402,20220411,50000,47929,-1,47951,47950,2049,-22,-21
MTR_402,20220412,34000,30946,-1,30974,30973,3026,-28,-27
MTR_402,20220413,31000,30950,1,30977,30978,23,-27,-28
MTR_402,20220414,9000,8985,1,8993,8994,7,-8,-9
MTR_402,20220415,43000,42903,-1,42975,42974,25,-72,-71
MTR_402,20220416,17000,16959,0,16988,16988,12,-29,-29
MTR_402,20220419,121100,113667,1,113967,113968,7133,-300,-301
MTR_402,20220420,14000,13950,1,13982,13983,18,-32,-33
MTR_402,20220421,161100,160548,-1,160876,160875,224,-328,-327
MTR_402,20220422,9000,8973,0,8986,8986,14,-13,-13
MTR_402,20220424,97100,96540,1,96986,96987,114,-446,-447
MTR_402,20220425,82000,78545,0,78929,78929,3071,-384,-384
MTR_402,20220426,99100,90570,-1,90983,90982,8117,-413,-412
MTR_402,20220427,92000,88485,-2,88909,88907,3091,-424,-422
MTR_402,20220428,70000,59651,-2,59961,59959,10039,-310,-308
MTR_402,20220429,22000,21873,1,21972,21973,28,-99,-100
MTR_402,20220503,7000,6960,0,6992,6992,8,-32,-32
MTR_402,20220504,34000,25848,0,25980,25980,8020,-132,-132
MTR_402,20220505,40000,39768,0,39952,39952,48,-184,-184
MTR_402,20220506,65000,64622,0,64942,64942,58,-320,-320
MTR_402,20220507,81000,77546,2,77945,77947,3055,-399,-401
MTR_402,20220509,126000,125270,0,125907,125907,93,-637,-637
MTR_402,20220510,81000,71582,1,71946,71947,9054,-364,-365
MTR_402,20220511,112145,104532,1,105072,105073,7073,-540,-541
MTR_402,20220512,22000,21872,-1,21985,21984,15,-113,-112
MTR_402,20220513,51000,50706,2,50950,50952,50,-244,-246
MTR_402,20220514,16000,15907,0,15980,15980,20,-73,-73
MTR_402,20220516,57000,56670,0,56954,56954,46,-284,-284
MTR_402,20220517,127100,126362,0,126982,126982,118,-620,-620
MTR_402,20220518,107200,106574,1,107083,107084,117,-509,-510
MTR_402,20220519,126200,106576,2,107103,107105,19097,-527,-529
MTR_402,20220520,67100,40862,0,20009,20009,47091,20853,20853
MTR_402,20220521,13000,12925,0,12988,12988,12,-63,-63
MTR_402,20220523,93000,86494,5,86933,86938,6067,-439,-444
MTR_402,20220524,46000,45733,0,45977,45977,23,-244,-244
MTR_402,20220525,34000,33803,-1,33979,33978,21,-176,-175
MTR_402,20220526,56000,51699,1,51952,51953,4048,-253,-254
MTR_402,20220527,146000,106377,-1,106933,106932,39067,-556,-555
MTR_402,20220528,19000,18889,-1,18979,18978,21,-90,-89
MTR_402,20220530,49000,48717,1,48951,48952,49,-234,-235
MTR_402,20220531,71000,65617,1,65930,65931,5070,-313,-314
MTR_402,20220601,97000,96437,-2,96932,96930,68,-495,-493
MTR_402,20220602,76000,59652,0,59951,59951,16049,-299,-299
MTR_402,20220603,200200,151317,3,152008,152011,48192,-691,-694
MTR_402,20220604,44000,32808,0,32961,32961,11039,-153,-153
MTR_402,20220606,187000,185914,-1,186841,186840,159,-927,-926
MTR_402,20220607,150100,149228,0,149946,149946,154,-718,-718
MTR_402,20220608,77000,74564,0,74936,74936,2064,-372,-372
MTR_402,20220609,68000,51697,0,51960,51960,16040,-263,-263
MTR_402,20220610,123300,120594,-2,121122,121120,2178,-528,-526
MTR_402,20220611,45000,40764,-2,40966,40964,4034,-202,-200
MTR_402,20220612,44000,32808,0,32986,32986,11014,-178,-178
MTR_402,20220613,255300,184220,-3,185059,185056,70241,-839,-836
MTR_402,20220614,127200,126460,0,127062,127062,138,-602,-602
MTR_402,20220615,158100,154200,1,154992,154993,3108,-792,-793
MTR_402,20220616,58000,45735,2,45954,45956,12046,-219,-221
MTR_402,20220617,167300,161356,2,162091,162093,5209,-735,-737
MTR_402,20220618,67000,66613,1,66945,66946,55,-332,-333
MTR_402,20220620,174000,148136,0,148857,148857,25143,-721,-721
MTR_402,20220621,80000,72577,-1,72924,72923,7076,-347,-346
MTR_402,20220622,94100,93554,0,93943,93943,157,-389,-389
MTR_402,20220623,117100,109460,1,110018,110019,7082,-558,-559
MTR_402,20220624,63000,62636,0,62931,62931,69,-295,-295
MTR_402,20220625,49000,48715,-1,48948,48947,52,-233,-232
MTR_402,20220626,38100,32907,1,33071,33072,5029,-164,-165
MTR_402,20220627,168000,166031,3,166872,166875,1128,-841,-844
MTR_402,20220628,126100,125365,-3,125979,125976,121,-614,-611
MTR_402,20220629,202200,199036,-3,199959,199956,2241,-923,-920
MTR_402,20220630,149200,145352,-3,145964,145961,3236,-612,-609
MTR_402,20220701,217100,215839,-3,216870,216867,230,-1031,-1028
MTR_402,20220702,54000,50705,-1,50938,50937,3062,-233,-232
MTR_402,20220703,48100,32907,1,33073,33074,15027,-166,-167
MTR_402,20220704,141000,134218,0,134853,134853,6147,-635,-635
MTR_402,20220705,179100,178060,-5,178938,178933,162,-878,-873
MTR_402,20220706,105100,104489,2,105011,105013,89,-522,-524
MTR_402,20220707,184000,171997,0,177495,177495,6505,-5498,-5498
MTR_402,20220708,137100,114431,3,114999,115002,22101,-568,-571
MTR_402,20220709,50000,49711,1,49964,49965,36,-253,-254
MTR_402,20220711,40100,39867,0,40066,40066,34,-199,-199
MTR_402,20220712,52000,51700,1,51956,51957,44,-256,-257
MTR_402,20220713,109100,102502,-2,103024,103022,6076,-522,-520
MTR_402,20220714,116100,115424,1,116004,116005,96,-580,-581
MTR_402,20220715,204100,193966,1,194963,194964,9137,-997,-998
MTR_402,20220716,139000,138195,3,138875,138878,125,-680,-683
MTR_402,20220717,73100,65716,-2,66067,66065,7033,-351,-349
MTR_402,20220718,188100,171102,0,171956,171956,16144,-854,-854
MTR_402,20220719,148200,141372,3,141946,141949,6254,-574,-577
MTR_402,20220720,198100,167124,-1,167999,167998,30101,-875,-874
MTR_402,20220721,173000,171994,2,172903,172905,97,-909,-911
MTR_402,20220722,145100,139282,1,139983,139984,5117,-701,-702
MTR_402,20220723,145000,124277,2,124905,124907,20095,-628,-630
MTR_402,20220724,78000,68600,-1,69038,69037,8962,-438,-437
MTR_402,20220725,170100,167124,0,167946,167946,2154,-822,-822
MTR_402,20220726,52000,51701,1,51948,51949,52,-247,-248
MTR_402,20220727,168200,167222,2,168015,168017,185,-793,-795
MTR_402,20220728,240100,238702,-2,239919,239917,181,-1217,-1215
MTR_402,20220729,159000,148135,-1,148878,148877,10122,-743,-742
MTR_402,20220730,120000,115326,-2,115890,115888,4110,-564,-562
MTR_402,20220731,99100,98524,0,98985,98985,115,-461,-461
MTR_402,20220801,115100,114431,-1,115002,115001,98,-571,-570
MTR_402,20220802,116200,112543,0,113007,113007,3193,-464,-464
MTR_402,20220803,268100,262566,0,263902,263902,4198,-1336,-1336
MTR_402,20220804,30000,29826,0,29959,29959,41,-133,-133
MTR_402,20220805,95100,94548,0,94973,94973,127,-425,-425
MTR_402,20220806,198000,173988,0,174863,174863,23137,-875,-875
MTR_402,20220807,33100,32907,0,33049,33049,51,-142,-142
MTR_402,20220808,105100,99520,2,100017,100019,5083,-497,-499
MTR_402,20220809,215200,200030,1,201059,201060,14141,-1029,-1030
MTR_402,20220810,82300,81722,1,81994,81995,306,-272,-273
MTR_402,20220811,178100,177065,-2,177951,177949,149,-886,-884
MTR_402,20220812,166200,165233,0,165992,165992,208,-759,-759
MTR_402,20220813,203000,201823,1,202847,202848,153,-1024,-1025
MTR_402,20220814,45100,41856,-1,45059,45058,41,-3203,-3202
MTR_402,20220815,125000,112344,1,112903,112904,12097,-559,-560
MTR_402,20220816,179000,171996,1,177804,177805,1196,-5808,-5809
MTR_402,20220817,182973,179924,0,174866,174866,8107,5058,5058
MTR_402,20220818,108000,107374,1,107907,107908,93,-533,-534
MTR_402,20220819,212100,180050,1,180946,180947,31154,-896,-897
MTR_402,20220820,138000,135213,-1,135911,135910,2089,-698,-697
MTR_402,20220821,14000,13918,0,13990,13990,10,-72,-72
MTR_402,20220822,83000,82517,0,82932,82932,68,-415,-415
MTR_402,20220823,234000,214744,1,215841,215842,18159,-1097,-1098
MTR_402,20220824,148000,141176,1,141889,141890,6111,-713,-714
MTR_402,20220825,142000,141176,-2,141871,141869,129,-695,-693
MTR_402,20220826,171200,167222,0,167961,167961,3239,-739,-739
MTR_402,20220827,81100,80628,1,81016,81017,84,-388,-389
MTR_402,20220828,35000,30821,0,30971,30971,4029,-150,-150
MTR_402,20220829,97200,92657,-1,93014,93013,4186,-357,-356
MTR_402,20220830,153000,142169,0,142891,142891,10109,-722,-722
MTR_402,20220831,133100,132328,2,132934,132936,166,-606,-608
MTR_402,20220901,153200,140377,3,141119,141122,12081,-742,-745
MTR_402,20220902,143000,128251,0,128895,128895,14105,-644,-644
MTR_402,20220903,109000,108368,1,108899,108900,101,-531,-532
MTR_402,20220904,64000,63629,-1,63961,63960,39,-332,-331
MTR_402,20220905,100000,99419,0,99897,99897,103,-478,-478
MTR_402,20220906,159000,158076,-2,158853,158851,147,-777,-775
MTR_402,20220907,206100,201921,2,202979,202981,3121,-1058,-1060
MTR_402,20220908,245100,224787,-1,225921,225920,19179,-1134,-1133
MTR_402,20220909,155000,154101,1,154887,154888,113,-786,-787
MTR_402,20220910,110100,76653,2,77000,77002,33100,-347,-349
MTR_402,20220912,145100,144259,0,144972,144972,128,-713,-713
MTR_402,20220913,256000,231649,1,232853,232854,23147,-1204,-1205
MTR_402,20220914,110000,109359,23,109929,109952,71,-570,-593
MTR_402,20220915,93000,92461,0,92939,92939,61,-478,-478
MTR_402,20220916,188700,185317,27759,186008,213767,2692,-691,-28450
MTR_402,20220917,126000,125270,-5870,123792,117922,2208,1478,7348
MTR_402,20220919,295000,250538,0,251826,251826,43174,-1288,-1288
MTR_402,20220920,315000,202813,6,203846,203852,111154,-1033,-1039
MTR_402,20220921,350100,189991,-1,190881,190880,159219,-890,-889
MTR_402,20220922,319000,245566,4,246814,246818,72186,-1248,-1252
MTR_402,20220923,288000,241589,4,242805,242809,45195,-1216,-1220
MTR_402,20220924,194000,38774,7,38975,38982,155025,-201,-208
MTR_402,20220926,363000,328086,-3,329788,329785,33212,-1702,-1699
MTR_402,20220927,128000,127257,0,127912,127912,88,-655,-655
MTR_402,20220928,136000,135210,31986,135912,167898,88,-702,-32688
MTR_402,20220929,302000,136206,3,136917,136920,165083,-711,-714
MTR_402,20220930,175000,173983,-2,174852,174850,148,-869,-867
MTR_402,20221001,125000,118310,19955,118899,138854,6101,-589,-20544
MTR_402,20221004,254000,209869,80079,211835,291914,42165,-1966,-82045
MTR_402,20221005,198100,95139,33028,96004,129032,102096,-865,-33893
MTR_402,20221006,207000,201939,-1,203845,203844,3155,-1906,-1905
MTR_402,20221007,104000,102931,102010,103911,205921,89,-980,-102990
MTR_402,20221008,114000,96034,1,97364,97365,16636,-1330,-1331
MTR_402,20221010,153000,151460,1,152929,152930,71,-1469,-1470
MTR_402,20221011,462000,276187,6000,278839,284839,183161,-2652,-8652
MTR_402,20221012,300000,260079,2,261813,261815,38187,-1734,-1736
MTR_402,20221013,253200,237427,-4,233876,233872,19324,3551,3555
MTR_402,20221014,188200,142143,0,143082,143082,45118,-939,-939
MTR_402,20221015,70000,24813,4,24980,24984,45020,-167,-171
MTR_402,20221016,34000,30781,0,30982,30982,3018,-201,-201
MTR_402,20221017,174100,169860,2,170909,170911,3191,-1049,-1051
MTR_402,20221018,265986,249136,0,252763,252763,13223,-3627,-3627
MTR_402,20221019,123000,74463,3,74947,74950,48053,-484,-487
MTR_402,20221020,71000,68455,160901,68943,229844,2057,-488,-161389
MTR_402,20221021,242100,195699,0,196985,196985,45115,-1286,-1286
MTR_402,20221022,67760,62325,2,58956,58958,8804,3369,3367
MTR_402,20221024,146420,130509,1,127888,127889,18532,2621,2620
MTR_402,20221025,221100,146999,3,148004,148007,73096,-1005,-1008
MTR_402,20221026,135000,133994,0,134911,134911,89,-917,-917
MTR_402,20221027,216200,157067,0,158048,158048,58152,-981,-981
MTR_402,20221028,312100,292010,0,293864,293864,18236,-1854,-1854
MTR_402,20221029,129000,62559,3,62949,62952,66051,-390,-393
MTR_402,20221030,66100,65644,0,66044,66044,56,-400,-400
MTR_402,20221031,127000,65549,2,65936,65938,61064,-387,-389
MTR_402,20221101,104100,103395,2,104012,104014,88,-617,-619
MTR_402,20221102,72694,36453,-1,29981,29980,42713,6472,6473
MTR_402,20221103,52000,51665,2,51965,51967,35,-300,-302
MTR_402,20221104,14000,13913,0,13990,13990,10,-77,-77
MTR_402,20221105,72000,33795,3,33976,33979,38024,-181,-184
MTR_402,20221106,63100,62702,-1,63066,63065,34,-364,-363
MTR_402,20221107,163100,119404,3,120034,120037,43066,-630,-633
MTR_402,20221108,60000,59657,0,59952,59952,48,-295,-295
MTR_402,20221109,79000,50724,2,50965,50967,28035,-241,-243
MTR_402,20221110,186000,68643,5,68931,68936,117069,-288,-293
MTR_402,20221111,72000,27858,2,27971,27973,44029,-113,-115
MTR_402,20221112,8000,7960,-1,5142,5141,2858,2818,2819
MTR_402,20221114,68000,22887,4,22973,22977,45027,-86,-90
MTR_402,20221115,28100,27965,1,27995,27996,105,-30,-31
MTR_402,20221116,42000,39804,0,39964,39964,2036,-160,-160
MTR_402,20221117,126100,121508,-2,121986,121984,4114,-478,-476
MTR_402,20221118,47000,46787,1,46966,46967,34,-179,-180
MTR_402,20221119,40100,39939,0,40011,40011,89,-72,-72
MTR_402,20221120,30100,29994,-1,30095,30094,5,-101,-100
MTR_402,20221121,124000,80717,5,80942,80947,43058,-225,-230
MTR_402,20221122,43100,42950,0,43049,43049,51,-99,-99
MTR_402,20221123,49000,43847,-2,43969,43967,5031,-122,-120
MTR_402,20221124,62396,62184,0,62343,62343,53,-159,-159
MTR_402,20221125,28000,27863,1,27973,27974,27,-110,-111
MTR_402,20221126,27000,26865,0,26969,26969,31,-104,-104
MTR_402,20221127,33000,32839,0,32983,32983,17,-144,-144
MTR_402,20221128,79100,78738,-2,79026,79024,74,-288,-286
MTR_402,20221129,26000,25894,0,25985,25985,15,-91,-91
MTR_402,20221130,30000,29888,0,29983,29983,17,-95,-95
MTR_402,20221201,72100,71857,0,72044,72044,56,-187,-187
MTR_402,20221202,65000,64798,1,64937,64938,63,-139,-140
MTR_402,20221203,52100,51950,0,52026,52026,74,-76,-76
MTR_402,20221204,13000,12965,-1,12990,12989,10,-25,-24
MTR_402,20221205,50100,49968,-1,50028,50027,72,-60,-59
MTR_402,20221206,59000,48877,-1,48968,48967,10032,-91,-90
MTR_402,20221207,84000,71815,1,71949,71950,12051,-134,-135
MTR_402,20221208,21000,20946,-1,20971,20970,29,-25,-24
MTR_402,20221209,56000,53850,1,53949,53950,2051,-99,-100
MTR_402,20221210,23000,22934,1,22976,22977,24,-42,-43
MTR_402,20221211,33000,32920,-1,32979,32978,21,-59,-58
MTR_402,20221212,5000,4987,1,4995,4996,5,-8,-9
MTR_402,20221214,3000,2990,0,2996,2996,4,-6,-6
MTR_402,20221216,56000,53868,1,53967,53968,2033,-99,-100
MTR_402,20221217,40000,35914,1,35972,35973,4028,-58,-59
MTR_402,20221219,109100,108876,2,109001,109003,99,-125,-127
MTR_402,20221220,64000,58882,-1,58955,58954,5045,-73,-72
MTR_402,20221221,136100,101877,1,102007,102008,34093,-130,-131
MTR_402,20221222,103100,102879,1,102976,102977,124,-97,-98
MTR_402,20221223,112200,111922,4997,112066,117063,134,-144,-5141
MTR_402,20221224,119000,64839,-1,64957,64956,54043,-118,-117
MTR_402,20221226,149100,145817,0,146012,146012,3088,-195,-195
MTR_402,20221227,54000,53902,0,53958,53958,42,-56,-56
MTR_402,20221229,64100,63973,0,64093,64093,7,-120,-120
MTR_402,20221230,135100,134940,2,134982,134984,118,-42,-44
MTR_402,20230102,95000,46933,-2,46964,46962,48036,-31,-29
MTR_402,20230103,157000,80862,4,80921,80925,76079,-59,-63
MTR_402,20230104,239200,170860,4070,172957,177027,66243,-2097,-6167
MTR_402,20230105,144000,96872,0,90897,90897,53103,5975,5975
MTR_402,20230106,100000,76895,-1,76886,76885,23114,9,10
MTR_402,20230107,122000,87005,2,86890,86892,35110,115,113
MTR_402,20230108,33000,32945,1,32981,32982,19,-36,-37
MTR_402,20230109,157000,147656,0,147840,147840,9160,-184,-184
MTR_402,20230110,134100,109841,2,110009,110011,24091,-168,-170
MTR_402,20230111,24000,23970,0,23979,23979,21,-9,-9
MTR_402,20230112,70120,69978,-1,70079,70078,41,-101,-100
MTR_402,20230113,140000,135846,-2,135907,135905,4093,-61,-59
MTR_402,20230114,47000,47001,-1,46962,46961,38,39,40
MTR_402,20230115,30100,30018,1,30095,30096,5,-77,-78
MTR_402,20230116,106190,106193,1,105912,105913,278,281,280
MTR_402,20230117,105000,100972,0,100898,100898,4102,74,74
MTR_402,20230118,136100,136086,-2,135990,135988,110,96,98
MTR_402,20230119,207000,103048,1,102905,102906,104095,143,142
MTR_402,20230120,156000,132065,3,131985,131988,24015,80,77
MTR_402,20230121,53100,41116,2,40952,40954,12148,164,162
MTR_402,20230123,143230,89272,1,89084,89085,54146,188,187
MTR_402,20230124,83000,83115,1,82911,82912,89,204,203
MTR_402,20230125,46000,46100,2,45932,45934,68,168,166
MTR_402,20230126,30000,30065,0,29970,29970,30,95,95
MTR_402,20230127,82000,82195,0,81938,81938,62,257,257
MTR_402,20230128,40000,40094,0,39967,39967,33,127,127
MTR_402,20230129,14000,14042,-1,13989,13988,11,53,54
MTR_402,20230130,126000,114340,3,113921,113924,12079,419,416
MTR_402,20230131,78000,73173,0,72939,72939,5061,234,234
MTR_402,20230201,106100,106349,0,106028,106028,72,321,321
MTR_402,20230202,39000,39088,1,38964,38965,36,124,123
MTR_402,20230203,99000,92179,-1,91900,91899,7100,279,280
MTR_402,20230204,58000,58107,-1,57930,57929,70,177,178
MTR_402,20230206,85000,78117,1,77905,77906,7095,212,211
MTR_402,20230207,100000,95117,1,94898,94899,5102,219,218
MTR_402,20230208,70000,70069,2,69917,69919,83,152,150
MTR_402,20230209,59000,57079,-1,56921,56920,2079,158,159
MTR_402,20230210,69000,69114,1,68895,68896,105,219,218
MTR_402,20230211,74000,74119,1,73927,73928,73,192,191
MTR_402,20230213,36000,36039,-2,35969,35967,31,70,72
MTR_402,20230214,63000,56052,1,55959,55960,7041,93,92
MTR_402,20230215,74000,66083,-2,65938,65936,8062,145,147
MTR_402,20230216,124100,124238,-1,123984,123983,116,254,255
MTR_402,20230217,88000,82082,-1,81920,81919,6080,162,163
MTR_402,20230218,79000,79069,1,78931,78932,69,138,137
MTR_402,20230219,66100,66139,1,66035,66036,65,104,103
MTR_402,20230220,64000,64035,0,66936,66936,-2936,-2901,-2901
MTR_402,20230222,28100,28106,-2,28019,28017,81,87,89
MTR_402,20230223,6000,6001,0,5994,5994,6,7,7
MTR_402,20230224,2000,2001,0,1994,1994,6,7,7
MTR_402,20230306,14000,10006,0,9998,9998,4002,8,8
MTR_402,20230307,125000,125068,100,124961,125061,39,107,7
MTR_402,20230308,82000,81989,0,81976,81976,24,13,13
MTR_402,20230309,89000,88967,3,88950,88953,50,17,14
MTR_402,20230310,57000,53955,0,53978,53978,3022,-23,-23
MTR_402,20230311,11000,10987,0,10995,10995,5,-8,-8
MTR_402,20230312,4000,3989,-1,3999,3998,1,-10,-9
MTR_402,20230313,76000,72836,1,72971,72972,3029,-135,-136
MTR_402,20230314,45000,38899,3,38963,38966,6037,-64,-67
MTR_402,20230315,47000,46914,-2,46925,46923,75,-11,-9
MTR_402,20230316,45000,44878,-2,44934,44932,66,-56,-54
MTR_402,20230317,88000,87754,-1,87852,87851,148,-98,-97
MTR_402,20230318,59000,58839,1,58890,58891,110,-51,-52
MTR_402,20230319,51000,50835,-1,50933,50932,67,-98,-97
MTR_402,20230320,96000,95710,-1,95902,95901,98,-192,-191
MTR_402,20230321,99100,98797,1,98872,98873,228,-75,-76
MTR_402,20230322,338000,78722,12,78833,78845,259167,-111,-123
MTR_402,20230323,307000,55811,7,55920,55927,251080,-109,-116
MTR_402,20230324,382000,65778,1,65880,65881,316120,-102,-103
MTR_402,20230325,294000,46850,5,46927,46932,247073,-77,-82
MTR_402,20230326,30350,30246,0,30339,30339,11,-93,-93
MTR_402,20230327,148000,42846,6,42919,42925,105081,-73,-79
MTR_402,20230328,114000,51816,1,51915,51916,62085,-99,-100
MTR_402,20230329,202000,72608,7,72924,72931,129076,-316,-323
MTR_402,20230330,136000,43837,4,43926,43930,92074,-89,-93
MTR_402,20230331,64000,55793,0,55925,55925,8075,-132,-132
MTR_402,20230401,98000,75700,2,75894,75896,22106,-194,-196
MTR_402,20230402,36100,35942,0,36026,36026,74,-84,-84
MTR_402,20230403,228000,150351,0,150797,150797,77203,-446,-446
MTR_402,20230404,124000,57761,3,54920,54923,69080,2841,2838
MTR_402,20230405,373000,122507,7,122838,122845,250162,-331,-338
MTR_402,20230406,107000,72721,2,72930,72932,34070,-209,-211
MTR_402,20230407,183100,119633,4,119962,119966,63138,-329,-333
MTR_402,20230408,233000,78689,6,78905,78911,154095,-216,-222
MTR_402,20230409,66100,65831,-1,65997,65996,103,-166,-165
MTR_402,20230410,134000,87606,57,87868,87925,46132,-262,-319
MTR_402,20230411,130000,71673,3,71908,71911,58092,-235,-238
MTR_402,20230412,210000,69704,2,69896,69898,140104,-192,-194
MTR_402,20230413,124000,73683,1,73893,73894,50107,-210,-211
MTR_402,20230414,356000,114519,8,114874,114882,241126,-355,-363
MTR_402,20230415,100000,52773,4,54281,54285,45719,-1508,-1512
MTR_402,20230416,64120,63818,0,64104,64104,16,-286,-286
MTR_402,20230417,139100,78745,-1,78935,78934,60165,-190,-189
MTR_402,20230418,233000,162276,8,162807,162815,70193,-531,-539
MTR_402,20230419,275100,194209,0,194831,194831,80269,-622,-622
MTR_402,20230420,261000,110484,40,110841,110881,150159,-357,-397
MTR_402,20230421,178000,64686,5,64906,64911,113094,-220,-225
MTR_402,20230423,202000,49742,4,49974,49978,152026,-232,-236
MTR_402,20230424,259000,104406,22,104899,104921,154101,-493,-515
MTR_402,20230425,164140,102503,5,103037,103042,61103,-534,-539
MTR_402,20230426,136000,121260,6,121853,121859,14147,-593,-599
MTR_402,20230427,130000,119193,2,119874,119876,10126,-681,-683
MTR_402,20230428,224000,100321,363,100825,101188,123175,-504,-867
MTR_402,20230502,98100,94375,6,95029,95035,3071,-654,-660
MTR_402,20230503,234000,170707,7,171811,171818,62189,-1104,-1111
MTR_402,20230504,375000,150821,21,151826,151847,223174,-1005,-1026
MTR_402,20230505,239100,67544,13,68006,68019,171094,-462,-475
MTR_402,20230506,110000,49602,12,49920,49932,60080,-318,-330
MTR_402,20230508,388000,93249,14,93908,93922,294092,-659,-673
MTR_402,20230509,182200,73574,10,74034,74044,108166,-460,-470
MTR_402,20230510,175000,124850,4,125901,125905,49099,-1051,-1055
MTR_402,20230511,132000,110043,28,110916,110944,21084,-873,-901
MTR_402,20230512,203200,183584,74,185047,185121,18153,-1463,-1537
MTR_402,20230513,307000,52556,6,52929,52935,254071,-373,-379
MTR_402,20230514,33000,32704,0,32994,32994,6,-290,-290
MTR_402,20230515,353000,235977,122,237749,237871,115251,-1772,-1894
MTR_402,20230516,295000,198268,118,199761,199879,95239,-1493,-1611
MTR_402,20230517,269000,51568,1,51922,51923,217078,-354,-355
MTR_402,20230518,221300,154050,4,155020,155024,66280,-970,-974
MTR_402,20230519,218000,101194,12,102108,102120,115892,-914,-926
MTR_402,20230520,255000,52590,4,56683,56687,198317,-4093,-4097
MTR_402,20230521,96100,62631,1,32748,32749,63352,29883,29882
MTR_402,20230522,312000,88386,5,88860,88865,223140,-474,-479
MTR_402,20230523,112000,35766,5,35938,35943,76062,-172,-177
MTR_402,20230524,128000,89406,9,89853,89862,38147,-447,-456
MTR_402,20230525,61000,60587,2,60892,60894,108,-305,-307
MTR_402,20230526,111100,107298,1,107927,107928,3173,-629,-630
MTR_402,20230527,105000,93341,4,93836,93840,11164,-495,-499
MTR_402,20230528,30100,29881,0,30076,30076,24,-195,-195
MTR_402,20230529,91000,87359,5,87863,87868,3137,-504,-509
MTR_402,20230530,155120,142909,0,143969,143969,11151,-1060,-1060
MTR_402,20230531,135100,131982,4,132891,132895,2209,-909,-913
MTR_402,20230601,78100,77473,2,77991,77993,109,-518,-520
MTR_402,20230602,187100,135835,1,136888,136889,50212,-1053,-1054
MTR_402,20230603,78000,74365,0,74896,74896,3104,-531,-531
MTR_402,20230604,63200,62521,0,63126,63126,74,-605,-605
MTR_402,20230605,54000,53519,1,53912,53913,88,-393,-394
MTR_402,20230606,123000,115908,3,116871,116874,6129,-963,-966
MTR_402,20230607,98000,84230,5,84862,84867,13138,-632,-637
MTR_402,20230608,73100,72445,1,73000,73001,100,-555,-556
MTR_402,20230609,77000,76326,3,76893,76896,107,-567,-570
MTR_402,20230610,62000,58473,1,58919,58920,3081,-446,-447
MTR_402,20230611,40100,39741,0,40022,40022,78,-281,-281
MTR_402,20230612,213100,110666,3,111982,111985,101118,-1316,-1319
MTR_402,20230613,102100,71317,3,71971,71974,30129,-654,-657
MTR_402,20230614,135000,133514,4,134864,134868,136,-1350,-1354
MTR_402,20230615,57000,53471,2,56198,56200,802,-2727,-2729
MTR_402,20230616,112100,110658,1,111902,111903,198,-1244,-1245
MTR_402,20230617,108000,106641,1,107832,107833,168,-1191,-1192
MTR_402,20230619,74000,66206,2,66903,66905,7097,-697,-699
MTR_402,20230620,132000,126539,2,127885,127887,4115,-1346,-1348
MTR_402,20230621,135100,124643,3,125937,125940,9163,-1294,-1297
MTR_402,20230622,172100,161784,3,163911,163914,8189,-2127,-2130
MTR_402,20230623,141100,137295,3,138932,138935,2168,-1637,-1640
MTR_402,20230624,73000,72061,3,72884,72887,116,-823,-826
MTR_402,20230625,76000,74813,33995,75960,109955,40,-1147,-35142
MTR_402,20230626,225000,218699,-1,221746,221745,3254,-3047,-3046
MTR_402,20230627,191100,174439,-1,176929,176928,14171,-2490,-2489
MTR_402,20230628,139100,137047,2,138938,138940,162,-1891,-1893
MTR_402,20230630,53000,52317,-2,52929,52927,71,-612,-610
MTR_402,20230701,113100,102747,2,103841,103843,9259,-1094,-1096
MTR_402,20230703,194000,191202,2,193802,193804,198,-2600,-2602
MTR_402,20230704,139000,131194,4,132834,132838,6166,-1640,-1644
MTR_402,20230705,165000,158733,144,160813,160957,4187,-2080,-2224
MTR_402,20230706,89000,77961,4,78871,78875,10129,-910,-914
MTR_402,20230707,118000,107553,-1,108825,108824,9175,-1272,-1271
MTR_402,20230708,93000,86836,3,87873,87876,5127,-1037,-1040
MTR_402,20230709,32000,31416,2,31987,31989,13,-571,-573
MTR_402,20230710,119000,115269,1,116833,116834,2167,-1564,-1565
MTR_402,20230711,147000,118207,0,119841,119841,27159,-1634,-1634
MTR_402,20230712,156000,151573,3,153799,153802,2201,-2226,-2229
MTR_402,20230713,173000,90648,5,91860,91865,81140,-1212,-1217
MTR_402,20230714,173000,129011,3,130831,130834,42169,-1820,-1823
MTR_402,20230715,183000,133105,-5,134768,134763,48232,-1663,-1658
MTR_402,20230716,39000,38334,2,38973,38975,27,-639,-641
MTR_402,20230717,210000,92526,6,93846,93852,116154,-1320,-1326
MTR_402,20230718,176000,157457,4,159747,159751,16253,-2290,-2294
MTR_402,20230719,209000,197671,0,200793,200793,8207,-3122,-3122
MTR_403,20210927,234000,232032,19,475859,475878,-241859,-243827,-243846
MTR_403,20210928,492000,458143,29023,463825,492848,28175,-5682,-34705
MTR_403,20210929,584000,556345,27,560851,560878,23149,-4506,-4533
MTR_403,20210930,555200,550513,24,554762,554786,438,-4249,-4273
MTR_403,20211001,430000,395708,23,394555,394578,35445,1153,1130
MTR_403,20211002,302000,295550,11,297890,297901,4110,-2340,-2351
MTR_403,20211004,485000,466257,23,469851,469874,15149,-3594,-3617
MTR_403,20211005,410100,385083,23,387925,387948,22175,-2842,-2865
MTR_403,20211006,423000,390961,25,393877,393902,29123,-2916,-2941
MTR_403,20211007,321100,310708,21,312990,313011,8110,-2282,-2303
MTR_403,20211008,452000,442605,23,451354,451377,646,-8749,-8772
MTR_403,20211009,415000,352310,18011,371087,389098,43913,-18777,-36788
MTR_403,20211010,26000,18856,1,2791,2792,23209,16065,16064
MTR_403,20211011,406000,393002,10,395876,395886,10124,-2874,-2884
MTR_403,20211012,527000,500203,14,513847,513861,13153,-13644,-13658
MTR_403,20211013,136000,125056,326955,137974,464929,-1974,-12918,-339873
MTR_403,20211014,224000,217374,240927,210916,451843,13084,6458,-234469
MTR_403,20211015,695000,644262,16,651958,651974,43042,-7696,-7712
MTR_403,20211016,263000,261123,12,248916,248928,14084,12207,12195
MTR_403,20211017,28000,27802,2,27991,27993,9,-189,-191
MTR_403,20211018,344000,341589,16,343901,343917,99,-2312,-2328
MTR_403,20211019,194000,192642,8,193955,193963,45,-1313,-1321
MTR_403,20211020,263000,261158,12,262920,262932,80,-1762,-1774
MTR_403,20211021,295000,292965,12,294913,294925,87,-1948,-1960
MTR_403,20211022,390000,341673,10,345779,345789,44221,-4106,-4116
MTR_403,20211023,363000,342734,12,350576,350588,12424,-7842,-7854
MTR_403,20211024,57000,56631,2,56985,56987,15,-354,-356
MTR_403,20211025,354000,325900,11,327902,327913,26098,-2002,-2013
MTR_403,20211026,405000,390532,15,392842,392857,12158,-2310,-2325
MTR_403,20211027,361000,358759,5127,371757,376884,-10757,-12998,-18125
MTR_403,20211028,493000,483014,23,469879,469902,23121,13135,13112
MTR_403,20211029,485000,469141,26,471903,471929,13097,-2762,-2788
MTR_403,20211030,453000,439346,16,441893,441909,11107,-2547,-2563
MTR_403,20211031,85000,79518,4,79970,79974,5030,-452,-456
MTR_403,20211101,435100,417569,19,419866,419885,15234,-2297,-2316
MTR_403,20211102,351000,310127,13,311907,311920,39093,-1780,-1793
MTR_403,20211103,353000,345965,11,347901,347912,5099,-1936,-1947
MTR_403,20211104,399000,393779,13,395892,395905,3108,-2113,-2126
MTR_403,20211105,464000,425730,38,439915,439953,24085,-14185,-14223
MTR_403,20211106,325000,320381,4,321867,321871,3133,-1486,-1490
MTR_403,20211108,451000,441007,11,427837,427848,23163,13170,13159
MTR_403,20211109,399000,381362,13,382871,382884,16129,-1509,-1522
MTR_403,20211110,444000,442149,5,443876,443881,124,-1727,-1732
MTR_403,20211111,498000,455160,16,456842,456858,41158,-1682,-1698
MTR_403,20211112,548000,508961,28,510777,510805,37223,-1816,-1844
MTR_403,20211113,389000,358588,18015,359924,377939,29076,-1336,-19351
MTR_403,20211114,14000,13945,1,13999,14000,1,-54,-55
MTR_403,20211115,559000,477173,15,492876,492891,66124,-15703,-15718
MTR_403,20211116,469000,425421,22,426861,426883,42139,-1440,-1462
MTR_403,20211117,476000,448376,18,431876,431894,44124,16500,16482
MTR_403,20211118,375000,351798,10,353011,353021,21989,-1213,-1223
MTR_403,20211119,501000,485394,17,486794,486811,14206,-1400,-1417
MTR_403,20211120,360000,358877,3,359893,359896,107,-1016,-1019
MTR_403,20211121,29000,28917,5,28993,28998,7,-76,-81
MTR_403,20211122,509000,475682,7,476861,476868,32139,-1179,-1186
MTR_403,20211123,452000,435870,15,436874,436889,15126,-1004,-1019
MTR_403,20211124,442000,412029,17,412888,412905,29112,-859,-876
MTR_403,20211125,460000,431073,8,431907,431915,28093,-834,-842
MTR_403,20211126,525000,477071,21,477920,477941,47080,-849,-870
MTR_403,20211127,447000,389335,31,378526,378557,68474,10809,10778
MTR_403,20211129,473000,437448,7,437836,437843,35164,-388,-395
MTR_403,20211130,356000,351599,9,351885,351894,4115,-286,-295
MTR_403,20211201,427000,416582,12,416849,416861,10151,-267,-279
MTR_403,20211202,485000,475563,12,473304,473316,11696,2259,2247
MTR_403,20211203,450391,450063,15,453911,453926,-3520,-3848,-3863
MTR_403,20211204,459000,437737,23,427908,427931,31092,9829,9806
MTR_403,20211205,42000,41976,3,41993,41996,7,-17,-20
MTR_403,20211206,447100,415876,18,415962,415980,31138,-86,-104
MTR_403,20211207,442000,423823,17,423932,423949,18068,-109,-126
MTR_403,20211208,423000,408814,12,408954,408966,14046,-140,-152
MTR_403,20211209,337000,322885,13,322905,322918,14095,-20,-33
MTR_403,20211210,451100,412975,17,416909,416926,34191,-3934,-3951
MTR_403,20211211,375000,364883,5,362492,362497,12508,2391,2386
MTR_403,20211213,378000,345884,7,345944,345951,32056,-60,-67
MTR_403,20211214,396000,380911,14,380927,380941,15073,-16,-30
MTR_403,20211215,392000,363886,13,363909,363922,28091,-23,-36
MTR_403,20211216,441000,395810,14,395927,395941,45073,-117,-131
MTR_403,20211217,507000,478734,13,490931,490944,16069,-12197,-12210
MTR_403,20211218,381000,348791,11,346393,346404,34607,2398,2387
MTR_403,20211219,79000,70952,3,70986,70989,8014,-34,-37
MTR_403,20211220,546041,468723,8,465616,465624,80425,3107,3099
MTR_403,20211221,567000,518676,7,522858,522865,44142,-4182,-4189
MTR_403,20211222,511000,492642,13,492863,492876,18137,-221,-234
MTR_403,20211223,561000,536717,5,540789,540794,20211,-4072,-4077
MTR_403,20211224,622000,577639,22,579789,579811,42211,-2150,-2172
MTR_403,20211225,425000,404503,11,407872,407883,17128,-3369,-3380
MTR_403,20211227,430000,400928,24,402957,402981,27043,-2029,-2053
MTR_403,20211228,506000,432838,25,435886,435911,70114,-3048,-3073
MTR_403,20211229,549000,515411,21,518882,518903,30118,-3471,-3492
MTR_403,20211230,587000,566297,11,569908,569919,17092,-3611,-3622
MTR_403,20211231,578000,545619,22,548958,548980,29042,-3339,-3361
MTR_403,20220101,264000,256531,9,254959,254968,9041,1572,1563
MTR_403,20220103,439000,426971,13,428873,428886,10127,-1902,-1915
MTR_403,20220104,525000,516726,23,518870,518893,6130,-2144,-2167
MTR_403,20220105,494000,475073,15,476600,476615,17400,-1527,-1542
MTR_403,20220106,568000,535003,11,536913,536924,31087,-1910,-1921
MTR_403,20220107,474000,453463,25,458447,458472,15553,-4984,-5009
MTR_403,20220108,468094,431603,15,424949,424964,43145,6654,6639
MTR_403,20220109,31000,30900,1,30999,31000,1,-99,-100
MTR_403,20220110,541000,506490,10,507833,507843,33167,-1343,-1353
MTR_403,20220111,338000,326104,8,326888,326896,11112,-784,-792
MTR_403,20220112,495000,455811,16,463275,463291,31725,-7464,-7480
MTR_403,20220113,535000,519767,11,520038,520049,14962,-271,-282
MTR_403,20220114,612000,591746,14,588334,588348,23666,3412,3398
MTR_403,20220115,524000,496031,20,496890,496910,27110,-859,-879
MTR_403,20220116,76000,69877,4,69984,69988,6016,-107,-111
MTR_403,20220117,417000,410312,13,403967,403980,13033,6345,6332
MTR_403,20220118,408000,396404,16,396944,396960,11056,-540,-556
MTR_403,20220119,469000,431405,16,431952,431968,37048,-547,-563
MTR_403,20220120,436000,372531,9,372863,372872,63137,-332,-341
MTR_403,20220121,591000,560363,16,560828,560844,30172,-465,-481
MTR_403,20220122,499500,481019,5,473817,473822,25683,7202,7197
MTR_403,20220124,512000,496595,6,496885,496891,15115,-290,-296
MTR_403,20220125,465000,445690,7,445918,445925,19082,-228,-235
MTR_403,20220126,412000,401760,10,401932,401942,10068,-172,-182
MTR_403,20220127,430000,420766,18,420943,420961,9057,-177,-195
MTR_403,20220128,513000,497731,18,497895,497913,15105,-164,-182
MTR_403,20220129,508000,468748,26,468894,468920,39106,-146,-172
MTR_403,20220130,45000,44978,3,44991,44994,9,-13,-16
MTR_403,20220131,613000,612712,25,605777,605802,7223,6935,6910
MTR_403,20220201,410000,389823,13,389949,389962,20051,-126,-139
MTR_403,20220202,437000,414803,18,414896,414914,22104,-93,-111
MTR_403,20220203,444000,422816,11,422904,422915,21096,-88,-99
MTR_403,20220204,558000,519764,25,519833,519858,38167,-69,-94
MTR_403,20220205,446000,426806,15,426929,426944,19071,-123,-138
MTR_403,20220206,61000,60973,0,60994,60994,6,-21,-21
MTR_403,20220207,525000,507756,8,507933,507941,17067,-177,-185
MTR_403,20220208,436000,424808,16,429774,429790,6226,-4966,-4982
MTR_403,20220209,402000,391817,12,391882,391894,10118,-65,-77
MTR_403,20220210,431000,430801,6,430901,430907,99,-100,-106
MTR_403,20220211,518000,507766,15,507928,507943,10072,-162,-177
MTR_403,20220212,457000,447802,11,447945,447956,9055,-143,-154
MTR_403,20220213,38000,37987,1,37994,37995,6,-7,-8
MTR_403,20220214,672000,632720,21,632924,632945,39076,-204,-225
MTR_403,20220215,718000,668741,32,668784,668816,49216,-43,-75
MTR_403,20220216,530000,519832,12,519861,519873,10139,-29,-41
MTR_403,20220217,438000,415865,15,415898,415913,22102,-33,-48
MTR_403,20220218,579000,575799,8,575870,575878,3130,-71,-79
MTR_403,20220219,470190,435007,11,423929,423940,46261,11078,11067
MTR_403,20220220,17000,16994,1,16995,16996,5,-1,-2
MTR_403,20220221,474000,463792,11,463915,463926,10085,-123,-134
MTR_403,20220222,478000,470779,11,470926,470937,7074,-147,-158
MTR_403,20220223,517000,491733,21,491949,491970,25051,-216,-237
MTR_403,20220224,496000,486734,7,482893,482900,13107,3841,3834
MTR_403,20220225,650000,622665,19,622835,622854,27165,-170,-189
MTR_403,20220226,422000,417796,14,414892,414906,7108,2904,2890
MTR_403,20220228,736000,681749,33,681855,681888,54145,-106,-139
MTR_403,20220301,567000,533816,22,533917,533939,33083,-101,-123
MTR_403,20220302,425000,394867,29,394953,394982,30047,-86,-115
MTR_403,20220303,443000,428811,13,421965,421978,21035,6846,6833
MTR_403,20220304,565000,557767,7,557884,557891,7116,-117,-124
MTR_403,20220305,435000,404871,18,400526,400544,34474,4345,4327
MTR_403,20220306,31000,30991,2,30991,30993,9,0,-2
MTR_403,20220307,561000,530875,24,531261,531285,29739,-386,-410
MTR_403,20220308,568360,541228,12,540941,540953,27419,287,275
MTR_403,20220309,497000,488894,16,488939,488955,8061,-45,-61
MTR_403,20220310,504900,496757,1,489895,489896,15005,6862,6861
MTR_403,20220311,655000,654788,7,651852,651859,3148,2936,2929
MTR_403,20220312,461000,454850,12,454908,454920,6092,-58,-70
MTR_403,20220313,45000,44981,-1,44994,44993,6,-13,-12
MTR_403,20220314,555000,540777,9,544872,544881,10128,-4095,-4104
MTR_403,20220315,580000,571853,7,571908,571915,8092,-55,-62
MTR_403,20220316,490000,456991,13,456977,456990,33023,14,1
MTR_403,20220317,537000,511028,24,510930,510954,26070,98,74
MTR_403,20220318,536000,520991,9,520980,520989,15020,11,2
MTR_403,20220319,433000,407946,21,407932,407953,25068,14,-7
MTR_403,20220321,495000,478981,15,478938,478953,16062,43,28
MTR_403,20220322,460000,442966,11,442955,442966,17045,11,0
MTR_403,20220323,418000,404869,18,405308,405326,12692,-439,-457
MTR_403,20220324,515000,464137,27,463972,463999,51028,165,138
MTR_403,20220325,396000,377285,14,376997,377011,19003,288,274
MTR_403,20220326,404000,382246,7,381907,381914,22093,339,332
MTR_403,20220327,9000,22008,12999,8992,21991,8,13016,17
MTR_403,20220328,433000,432982,1,430899,430900,2101,2083,2082
MTR_403,20220329,102000,101987,30003,101977,131980,23,10,-29993
MTR_403,20220330,236400,216271,13,226097,226110,10303,-9826,-9839
MTR_403,20220331,402200,370098,18,390580,390598,11620,-20482,-20500
MTR_403,20220401,349000,348873,6,315957,315963,33043,32916,32910
MTR_403,20220402,178400,161419,11,180201,180212,-1801,-18782,-18793
MTR_403,20220403,19000,18995,1,0,1,19000,18995,18994
MTR_403,20220404,186000,155073,10,154650,154660,31350,423,413
MTR_403,20220405,99000,99080,6,98993,98999,7,87,81
MTR_403,20220406,68000,63050,5,62995,63000,5005,55,50
MTR_403,20220407,203300,203419,10,203191,203201,109,228,218
MTR_403,20220408,199055,188011,10,185977,185987,13078,2034,2024
MTR_403,20220409,140100,110107,18,110069,110087,30031,38,20
MTR_403,20220411,232200,218000,15,218050,218065,14150,-50,-65
MTR_403,20220412,165000,164882,5,164964,164969,36,-82,-87
MTR_403,20220413,180000,175904,10,175963,175973,4037,-59,-69
MTR_403,20220414,114100,114037,10,114060,114070,40,-23,-33
MTR_403,20220415,72000,71939,20,71976,71996,24,-37,-57
MTR_403,20220416,46360,41133,24,41169,41193,5191,-36,-60
MTR_403,20220419,144130,116740,29,115950,115979,28180,790,761
MTR_403,20220420,157000,142781,4,142975,142979,14025,-194,-198
MTR_403,20220421,250100,245630,22,246055,246077,4045,-425,-447
MTR_403,20220422,132120,131990,6,132089,132095,31,-99,-105
MTR_403,20220424,181000,179684,11,180967,180978,33,-1283,-1294
MTR_403,20220425,224000,211481,8,212978,212986,11022,-1497,-1505
MTR_403,20220426,148100,140089,13,141033,141046,7067,-944,-957
MTR_403,20220427,199000,181691,28,182985,183013,16015,-1294,-1322
MTR_403,20220428,186000,184672,12,185986,185998,14,-1314,-1326
MTR_403,20220429,177000,161833,10,170964,170974,6036,-9131,-9141
MTR_403,20220503,18000,17871,11,17997,18008,3,-126,-137
MTR_403,20220504,88000,77442,12,77984,77996,10016,-542,-554
MTR_403,20220505,194400,170170,14,171227,171241,23173,-1057,-1071
MTR_403,20220506,108100,107325,16,108067,108083,33,-742,-758
MTR_403,20220507,149000,142970,15,143983,143998,5017,-1013,-1028
MTR_403,20220509,191000,189635,11,190976,190987,24,-1341,-1352
MTR_403,20220510,178000,165808,10,166957,166967,11043,-1149,-1159
MTR_403,20220511,252300,237589,16,239030,239046,13270,-1441,-1457
MTR_403,20220512,61000,54609,23,54984,55007,6016,-375,-398
MTR_403,20220513,211000,209490,23,210967,210990,33,-1477,-1500
MTR_403,20220514,125000,124105,19,124986,125005,14,-881,-900
MTR_403,20220516,159000,157863,16,158981,158997,19,-1118,-1134
MTR_403,20220517,129100,116263,23,116988,117011,12112,-725,-748
MTR_403,20220518,175100,165805,31,167000,167031,8100,-1195,-1226
MTR_403,20220519,158000,146942,30,147938,147968,10062,-996,-1026
MTR_403,20220520,170100,153991,27,154963,154990,15137,-972,-999
MTR_403,20220521,111000,110207,15,110949,110964,51,-742,-757
MTR_403,20220523,112000,101268,34,101948,101982,10052,-680,-714
MTR_403,20220524,71000,70493,24,70965,70989,35,-472,-496
MTR_403,20220525,95100,94419,19,95021,95040,79,-602,-621
MTR_403,20220526,188000,175736,29,176937,176966,11063,-1201,-1230
MTR_403,20220527,174000,163821,19,164943,164962,9057,-1122,-1141
MTR_403,20220528,112000,105241,17,106050,106067,5950,-809,-826
MTR_403,20220530,246100,222398,23,223935,223958,22165,-1537,-1560
MTR_403,20220531,105300,104546,14,105638,105652,-338,-1092,-1106
MTR_403,20220601,222500,195094,21,190328,190349,32172,4766,4745
MTR_403,20220602,193400,179110,11,180292,180303,13108,-1182,-1193
MTR_403,20220603,180000,153892,7,152929,152936,27071,963,956
MTR_403,20220604,199000,190626,9,191932,191941,7068,-1306,-1315
MTR_403,20220606,438200,377386,21,423996,424017,14204,-46610,-46631
MTR_403,20220607,411200,316819,13,355302,355315,55898,-38483,-38496
MTR_403,20220608,86000,55599,0,0,0,86000,55599,55599
MTR_403,20220609,149000,104248,0,65969,65969,83031,38279,38279
MTR_403,20220610,224100,188738,14,196006,196020,28094,-7268,-7282
MTR_403,20220611,170000,165804,13,166934,166947,3066,-1130,-1143
MTR_403,20220613,184400,160246,18,161101,161119,23299,-855,-873
MTR_403,20220614,256100,243248,12,244967,244979,11133,-1719,-1731
MTR_403,20220615,291400,289315,15017,291251,306268,149,-1936,-16953
MTR_403,20220616,72000,45672,4515,41459,45974,30541,4213,-302
MTR_403,20220617,262000,230341,15,229042,229057,32958,1299,1284
MTR_403,20220618,303200,282165,7,291968,291975,11232,-9803,-9810
MTR_403,20220620,315200,297949,11,301981,301992,13219,-4032,-4043
MTR_403,20220621,247100,231433,11,232948,232959,14152,-1515,-1526
MTR_403,20220622,451100,428015,10,430858,430868,20242,-2843,-2853
MTR_403,20220623,381100,361493,5,363906,363911,17194,-2413,-2418
MTR_403,20220624,420100,397138,1806,398157,399963,21943,-1019,-2825
MTR_403,20220625,272000,244240,5,245914,245919,26086,-1674,-1679
MTR_403,20220627,365000,356431,10,358888,358898,6112,-2457,-2467
MTR_403,20220628,514200,469811,2,472970,472972,41230,-3159,-3161
MTR_403,20220629,375100,343528,15,345952,345967,29148,-2424,-2439
MTR_403,20220630,402100,391182,8,393955,393963,8145,-2773,-2781
MTR_403,20220701,339445,337015,10,336923,336933,2522,92,82
MTR_403,20220702,252100,240365,7,241977,241984,10123,-1612,-1619
MTR_403,20220704,286000,264095,24,265865,265889,20135,-1770,-1794
MTR_403,20220705,348200,345608,13,348009,348022,191,-2401,-2414
MTR_403,20220706,345000,291897,7,293864,293871,51136,-1967,-1974
MTR_403,20220707,280100,272138,15,273981,273996,6119,-1843,-1858
MTR_403,20220708,306000,266081,20,267829,267849,38171,-1748,-1768
MTR_403,20220709,153000,146940,9,147949,147958,5051,-1009,-1018
MTR_403,20220711,8000,7943,7,7995,8002,5,-52,-59
MTR_403,20220712,96000,83400,7,83971,83978,12029,-571,-578
MTR_403,20220713,81000,70492,9,70965,70974,10035,-473,-482
MTR_403,20220714,60000,59570,13,59977,59990,23,-407,-420
MTR_403,20220715,99000,91341,5,91960,91965,7040,-619,-624
MTR_403,20220716,368100,359408,18,361990,362008,6110,-2582,-2600
MTR_403,20220718,315200,293088,21,295029,295050,20171,-1941,-1962
MTR_403,20220719,318000,246223,14,253487,253501,64513,-7264,-7278
MTR_403,20220720,399100,347592,15,349970,349985,49130,-2378,-2393
MTR_403,20220721,145000,143961,11,144963,144974,37,-1002,-1013
MTR_403,20220722,303000,268068,6,269870,269876,33130,-1802,-1808
MTR_403,20220723,215000,173750,14,174917,174931,40083,-1167,-1181
MTR_403,20220725,235100,212567,12,214001,214013,21099,-1434,-1446
MTR_403,20220726,293000,238282,13,240335,240348,52665,-2053,-2066
MTR_403,20220727,265000,261117,11,262907,262918,2093,-1790,-1801
MTR_403,20220728,187000,178710,13,179943,179956,7057,-1233,-1246
MTR_403,20220729,161100,159847,13,161039,161052,61,-1192,-1205
MTR_403,20220730,113100,112291,11,113042,113053,58,-751,-762
MTR_403,20220801,405100,382345,21,384971,384992,20129,-2626,-2647
MTR_403,20220802,268000,225377,19,228286,228305,39714,-2909,-2928
MTR_403,20220803,417200,398230,16,411983,411999,5217,-13753,-13769
MTR_403,20220804,308100,299940,14,301915,301929,6185,-1975,-1989
MTR_403,20220805,256000,249205,14,250915,250929,5085,-1710,-1724
MTR_403,20220806,195100,185762,17,187064,187081,8036,-1302,-1319
MTR_403,20220807,13000,12907,2,12995,12997,5,-88,-90
MTR_403,20220808,254000,241260,21,242924,242945,11076,-1664,-1685
MTR_403,20220809,147000,145948,15,146950,146965,50,-1002,-1017
MTR_403,20220810,262000,244242,6,245867,245873,16133,-1625,-1631
MTR_403,20220811,252200,215646,11,217013,217024,35187,-1367,-1378
MTR_403,20220812,203200,201645,13,203065,203078,135,-1420,-1433
MTR_403,20220813,172200,165014,14,166053,166067,6147,-1039,-1053
MTR_403,20220814,22000,21844,1,21992,21993,8,-148,-149
MTR_403,20220815,173000,152900,4,153943,153947,19057,-1043,-1047
MTR_403,20220816,360300,339853,13,348101,348114,12199,-8248,-8261
MTR_403,20220817,320200,305000,12,310064,310076,10136,-5064,-5076
MTR_403,20220818,224000,222399,15,223934,223949,66,-1535,-1550
MTR_403,20220819,200100,184768,14,185987,186001,14113,-1219,-1233
MTR_403,20220820,254000,246225,16,247938,247954,6062,-1713,-1729
MTR_403,20220821,20000,19856,1,19995,19996,5,-139,-140
MTR_403,20220822,266000,254167,7,255889,255896,10111,-1722,-1729
MTR_403,20220823,294100,273132,5,274994,274999,19106,-1862,-1867
MTR_403,20220824,222100,207604,5,208988,208993,13112,-1384,-1389
MTR_403,20220825,228100,223393,3,222013,222016,6087,1380,1377
MTR_403,20220826,163200,162032,1,163041,163042,159,-1009,-1010
MTR_403,20220827,183100,177819,3,178908,178911,4192,-1089,-1092
MTR_403,20220829,339300,326943,6,329120,329126,10180,-2177,-2183
MTR_403,20220830,210500,208894,7,210203,210210,297,-1309,-1316
MTR_403,20220831,342300,317018,6,322059,322065,20241,-5041,-5047
MTR_403,20220901,208200,189832,3,191028,191031,17172,-1196,-1199
MTR_403,20220902,226200,224581,3,226079,226082,121,-1498,-1501
MTR_403,20220903,315442,241702,8,241295,241303,74147,407,399
MTR_403,20220905,164861,135881,3,133237,133240,31624,2644,2641
MTR_403,20220906,188400,186953,6,188251,188257,149,-1298,-1304
MTR_403,20220907,130000,117155,14,117966,117980,12034,-811,-825
MTR_403,20220908,220100,196684,10,198014,198024,22086,-1330,-1340
MTR_403,20220909,307100,286039,10,289369,289379,17731,-3330,-3340
MTR_403,20220910,137000,136019,3,132958,132961,4042,3061,3058
MTR_403,20220912,230000,224381,5,225932,225937,4068,-1551,-1556
MTR_403,20220913,183000,171761,8,172960,172968,10040,-1199,-1207
MTR_403,20220914,114000,113187,10,113945,113955,55,-758,-768
MTR_403,20220915,97500,96803,2,97442,97444,58,-639,-641
MTR_403,20220916,213000,211474,5743,301137,306880,-88137,-89663,-95406
MTR_403,20220917,293200,285148,-5724,250801,245077,42399,34347,40071
MTR_403,20220919,272000,255161,10,231935,231945,40065,23226,23216
MTR_403,20220920,224000,222397,12,191956,191968,32044,30441,30429
MTR_403,20220921,304100,299839,5,302027,302032,2073,-2188,-2193
MTR_403,20220922,208400,187651,13,189981,189994,18419,-2330,-2343
MTR_403,20220923,330000,317712,9,316862,316871,13138,850,841
MTR_403,20220924,159100,157962,3,159000,159003,100,-1038,-1041
MTR_403,20220926,156000,142969,4,143962,143966,12038,-993,-997
MTR_403,20220927,135200,124303,5,125095,125100,10105,-792,-797
MTR_403,20220928,98200,87469,7,88071,88078,10129,-602,-609
MTR_403,20220929,119000,116162,4,116954,116958,2046,-792,-796
MTR_403,20220930,106000,105241,4,105963,105967,37,-722,-726
MTR_403,20221001,204100,194697,90980,195982,286962,8118,-1285,-92265
MTR_403,20221004,298100,278064,90157,280009,370166,18091,-1945,-92102
MTR_403,20221005,174000,172771,5,173955,173960,45,-1184,-1189
MTR_403,20221006,76000,75381,6,75968,75974,32,-587,-593
MTR_403,20221007,246100,243831,8005,249956,257961,-3856,-6125,-14130
MTR_403,20221008,270000,245735,-7997,245184,237187,24816,551,8548
MTR_403,20221010,158100,150696,5,152054,152059,6046,-1358,-1363
MTR_403,20221011,56000,55496,6,51983,51989,4017,3513,3507
MTR_403,20221012,236100,227079,0,229017,229017,7083,-1938,-1938
MTR_403,20221013,293000,272577,4,274935,274939,18065,-2358,-2362
MTR_403,20221014,385000,354835,3,357947,357950,27053,-3112,-3115
MTR_403,20221015,336000,322040,7,326849,326856,9151,-4809,-4816
MTR_403,20221017,233100,229719,5,232991,232996,109,-3272,-3277
MTR_403,20221018,181000,143025,5,148893,148898,32107,-5868,-5873
MTR_403,20221019,220200,207357,3,210042,210045,10158,-2685,-2688
MTR_403,20221020,11000,10861,267905,10997,278902,3,-136,-268041
MTR_403,20221021,242000,235100,3,237935,237938,4065,-2835,-2838
MTR_403,20221022,300000,267701,6,265923,265929,34077,1778,1772
MTR_403,20221023,17000,16829,1,16992,16993,8,-163,-164
MTR_403,20221024,242100,228655,8,230942,230950,11158,-2287,-2295
MTR_403,20221025,258000,254445,7,256896,256903,1104,-2451,-2458
MTR_403,20221026,315000,303012,4,305879,305883,9121,-2867,-2871
MTR_403,20221027,298000,286221,11,288877,288888,9123,-2656,-2667
MTR_403,20221028,309064,306072,6,308910,308916,154,-2838,-2844
MTR_403,20221029,294000,291394,5,293922,293927,78,-2528,-2533
MTR_403,20221031,543000,487992,13,499872,499885,43128,-11880,-11893
MTR_403,20221101,104000,101066,7,101958,101965,2042,-892,-899
MTR_403,20221102,145200,133829,9,145025,145034,175,-11196,-11205
MTR_403,20221103,245000,229904,9,231904,231913,13096,-2000,-2009
MTR_403,20221104,235100,233062,6,235033,235039,67,-1971,-1977
MTR_403,20221105,180000,173530,4,174944,174948,5056,-1414,-1418
MTR_403,20221107,171000,169682,7,170959,170966,41,-1277,-1284
MTR_403,20221108,112000,111155,2,111971,111973,29,-816,-818
MTR_403,20221109,196000,188672,5,189919,189924,6081,-1247,-1252
MTR_403,20221110,110000,109256,8,109939,109947,61,-683,-691
MTR_403,20221111,172300,161077,5,162084,162089,10216,-1007,-1012
MTR_403,20221112,99100,98458,6,98989,98995,111,-531,-537
MTR_403,20221114,144000,143019,2,143938,143940,62,-919,-921
MTR_403,20221115,150000,148940,7,149925,149932,75,-985,-992
MTR_403,20221116,333000,318768,10,320847,320857,12153,-2079,-2089
MTR_403,20221117,347300,337874,9,340008,340017,7292,-2134,-2143
MTR_403,20221118,300100,290181,2,291943,291945,8157,-1762,-1764
MTR_403,20221119,139000,138149,3,138943,138946,57,-794,-797
MTR_403,20221121,301000,281436,6,282915,282921,18085,-1479,-1485
MTR_403,20221122,215100,213910,1,214992,214993,108,-1082,-1083
MTR_403,20221123,162000,161123,8,161953,161961,47,-830,-838
MTR_403,20221124,215000,198960,6,199916,199922,15084,-956,-962
MTR_403,20221125,282100,276560,5,277932,277937,4168,-1372,-1377
MTR_403,20221126,136000,135224,5,135950,135955,50,-726,-731
MTR_403,20221128,152000,142258,9,142959,142968,9041,-701,-710
MTR_403,20221129,94200,93657,3,94096,94099,104,-439,-442
MTR_403,20221130,102100,101680,5,102034,102039,66,-354,-359
MTR_403,20221201,87100,76806,3,77028,77031,10072,-222,-225
MTR_403,20221202,265100,264168,2,264925,264927,175,-757,-759
MTR_403,20221203,233000,232294,0,232905,232905,95,-611,-611
MTR_403,20221204,39000,38886,-1,38984,38983,16,-98,-97
MTR_403,20221205,307000,278205,13,278909,278922,28091,-704,-717
MTR_403,20221206,259000,252058,5,251915,251920,7085,143,138
MTR_403,20221207,299000,287907,8,288931,288939,10069,-1024,-1032
MTR_403,20221208,196000,195267,2,195953,195955,47,-686,-688
MTR_403,20221209,217000,193314,3,193958,193961,23042,-644,-647
MTR_403,20221210,98000,97658,4,97981,97985,19,-323,-327
MTR_403,20221212,71000,70744,4,70988,70992,12,-244,-248
MTR_403,20221213,22000,21911,7,21987,21994,13,-76,-83
MTR_403,20221214,85000,74687,3,74973,74976,10027,-286,-289
MTR_403,20221215,86000,85658,1,85965,85966,35,-307,-308
MTR_403,20221216,306000,299883,3,300897,300900,5103,-1014,-1017
MTR_403,20221217,261000,253078,3,253920,253923,7080,-842,-845
MTR_403,20221218,9000,2989,0,5943,5943,3057,-2954,-2954
MTR_403,20221219,321100,294010,15,294946,294961,26154,-936,-951
MTR_403,20221220,255100,247225,7,247947,247954,7153,-722,-729
MTR_403,20221221,138000,131552,1,137069,137070,931,-5517,-5518
MTR_403,20221222,316100,315051,5,315933,315938,167,-882,-887
MTR_403,20221223,374200,346068,20,346988,347008,27212,-920,-940
MTR_403,20221224,72000,71775,6,71986,71992,14,-211,-217
MTR_403,20221226,211000,199373,7,199957,199964,11043,-584,-591
MTR_403,20221227,164000,159581,6,159972,159978,4028,-391,-397
MTR_403,20221230,28000,27888,51,27984,28035,16,-96,-147
MTR_403,20230102,19000,18945,24997,18996,43993,4,-51,-25048
MTR_403,20230103,425000,397848,14,398948,398962,26052,-1100,-1114
MTR_403,20230104,358000,342015,3424,351612,355036,6388,-9597,-13021
MTR_403,20230105,463000,452716,2,441983,441985,21017,10733,10731
MTR_403,20230106,550000,517566,14,519013,519027,30987,-1447,-1461
MTR_403,20230107,354000,336137,9,337018,337027,16982,-881,-890
MTR_403,20230108,31000,30922,1,31002,31003,-2,-80,-81
MTR_403,20230109,406000,370951,11,372014,372025,33986,-1063,-1074
MTR_403,20230110,424000,422704,5,424013,424018,-13,-1309,-1314
MTR_403,20230111,198000,197380,4,198014,198018,-14,-634,-638
MTR_403,20230112,386000,375882,5,377017,377022,8983,-1135,-1140
MTR_403,20230113,387000,375557,10004,386975,396979,25,-11418,-21422
MTR_403,20230114,341000,326651,-7076,315062,307986,25938,11589,18665
MTR_403,20230116,466100,431662,15,432007,432022,34093,-345,-360
MTR_403,20230117,461000,460571,5,461005,461010,-5,-434,-439
MTR_403,20230118,375000,362716,8,363037,363045,11963,-321,-329
MTR_403,20230119,417000,386231,17,385950,385967,31050,281,264
MTR_403,20230120,399000,399307,4,398952,398956,48,355,351
MTR_403,20230121,371000,367901,3,367979,367982,3021,-78,-81
MTR_403,20230122,44000,34985,3,34999,35002,9001,-14,-17
MTR_403,20230123,425000,416047,7,415985,415992,9015,62,55
MTR_403,20230124,362000,353021,3,353007,353010,8993,14,11
MTR_403,20230125,352000,341243,8,341003,341011,10997,240,232
MTR_403,20230126,326000,316407,12,316010,316022,9990,397,385
MTR_403,20230127,447000,444663,19,444034,444053,2966,629,610
MTR_403,20230128,350000,340658,12,340018,340030,9982,640,628
MTR_403,20230129,24000,24083,2,24000,24002,0,83,81
MTR_403,20230130,444000,411615,17,410934,410951,33066,681,664
MTR_403,20230131,393000,352442,13,352049,352062,40951,393,380
MTR_403,20230201,347000,339429,3,339015,339018,7985,414,411
MTR_403,20230202,427000,427473,7,426944,426951,56,529,522
MTR_403,20230203,450000,413488,5,412968,412973,37032,520,515
MTR_403,20230204,320000,308324,2,307980,307982,12020,344,342
MTR_403,20230205,17000,17022,0,16999,16999,1,23,23
MTR_403,20230206,382000,359325,11,358957,358968,23043,368,357
MTR_403,20230207,478000,432419,19,431955,431974,46045,464,445
MTR_403,20230208,350000,342553,7,341973,341980,8027,580,573
MTR_403,20230209,407000,402528,5,401959,401964,5041,569,564
MTR_403,20230210,439000,427375,5,421930,421935,17070,5445,5440
MTR_403,20230211,346000,324312,8,323977,323985,22023,335,327
MTR_403,20230212,31000,31028,0,30996,30996,4,32,32
MTR_403,20230213,325000,313266,7,312977,312984,12023,289,282
MTR_403,20230214,580000,259209,11,251006,251017,328994,8203,8192
MTR_403,20230215,412000,399295,4,398989,398993,13011,306,302
MTR_403,20230216,407000,402280,2,402026,402028,4974,254,252
MTR_403,20230217,544000,507310,23,507011,507034,36989,299,276
MTR_403,20230218,396000,393216,4,392996,393000,3004,220,216
MTR_403,20230219,33000,33015,2,32997,32999,3,18,16
MTR_403,20230220,452000,438520,6164,445384,451548,6616,-6864,-13028
MTR_403,20230221,395000,371122,15,358028,358043,36972,13094,13079
MTR_403,20230222,455000,447348,2,447981,447983,7019,-633,-635
MTR_403,20230223,359000,358067,7,359009,359016,-9,-942,-949
MTR_403,20230224,164000,163599,7,164009,164016,-9,-410,-417
MTR_403,20230227,156000,139756,8,139990,139998,16010,-234,-242
MTR_403,20230228,224000,223644,8,223991,223999,9,-347,-355
MTR_403,20230301,386000,385481,10,411999,412009,-25999,-26518,-26528
MTR_403,20230302,178000,170848,14,155005,155019,22995,15843,15829
MTR_403,20230303,442000,441778,7,432055,432062,9945,9723,9716
MTR_403,20230304,383000,374851,10,375045,375055,7955,-194,-204
MTR_403,20230305,31000,31009,0,30996,30996,4,13,13
MTR_403,20230306,362000,351899,10,351956,351966,10044,-57,-67
MTR_403,20230307,406000,365774,6,365982,365988,40018,-208,-214
MTR_403,20230308,423000,416655,12,416996,417008,6004,-341,-353
MTR_403,20230309,431000,415652,9,416010,416019,14990,-358,-367
MTR_403,20230310,525000,501654,18,502050,502068,22950,-396,-414
MTR_403,20230311,387000,379833,10,380045,380055,6955,-212,-222
MTR_403,20230312,4000,3997,0,4000,4000,0,-3,-3
MTR_403,20230313,555000,512649,15,512969,512984,42031,-320,-335
MTR_403,20230314,550000,449603,27,449991,450018,100009,-388,-415
MTR_403,20230315,549000,540571,4,541002,541006,7998,-431,-435
MTR_403,20230316,360000,359552,3,359996,359999,4,-444,-447
MTR_403,20230317,492000,474632,6,475997,476003,16003,-1365,-1371
MTR_403,20230318,388000,386836,4,387980,387984,20,-1144,-1148
MTR_403,20230320,548000,542633,8,544961,544969,3039,-2328,-2336
MTR_403,20230321,526000,513792,12,516001,516013,9999,-2209,-2221
MTR_403,20230322,608000,587546,11,590024,590035,17976,-2478,-2489
MTR_403,20230323,415000,409331,9,411039,411048,3961,-1708,-1717
MTR_403,20230324,446000,430261,8,428995,429003,17005,1266,1258
MTR_403,20230325,313000,301809,8,302958,302966,10042,-1149,-1157
MTR_403,20230326,14000,13945,2,13999,14001,1,-54,-56
MTR_403,20230327,339000,334659,13,335967,335980,3033,-1308,-1321
MTR_403,20230328,351000,349667,10,351021,351031,-21,-1354,-1364
MTR_403,20230329,375000,359713,10,360944,360954,14056,-1231,-1241
MTR_403,20230330,386000,363108,10,368955,368965,17045,-5847,-5857
MTR_403,20230331,369000,343154,4,343953,343957,25047,-799,-803
MTR_403,20230401,428000,395037,17,395960,395977,32040,-923,-940
MTR_403,20230402,19000,18951,0,18996,18996,4,-45,-45
MTR_403,20230403,485000,455631,18,462663,462681,22337,-7032,-7050
MTR_403,20230404,535000,513519,10,520412,520422,14588,-6893,-6903
MTR_403,20230405,998000,432750,12,434005,434017,563995,-1255,-1267
MTR_403,20230406,383000,374940,6,376089,376095,6911,-1149,-1155
MTR_403,20230407,458100,439627,11,441029,441040,17071,-1402,-1413
MTR_403,20230408,344000,331930,13,332972,332985,11028,-1042,-1055
MTR_403,20230410,527000,483472,17,492557,492574,34443,-9085,-9102
MTR_403,20230411,352000,343863,8,345001,345009,6999,-1138,-1146
MTR_403,20230412,507000,482447,8,484034,484042,22966,-1587,-1595
MTR_403,20230413,405000,389021,10,395017,395027,9983,-5996,-6006
MTR_403,20230414,436000,416907,13,418092,418105,17908,-1185,-1198
MTR_403,20230415,325000,310085,8,314700,314708,10300,-4615,-4623
MTR_403,20230417,357000,326144,8,334825,334833,22175,-8681,-8689
MTR_403,20230418,429000,390097,9,391953,391962,37047,-1856,-1865
MTR_403,20230419,479000,440891,10,454153,454163,24847,-13262,-13272
MTR_403,20230420,477000,424815,13,426993,427006,50007,-2178,-2191
MTR_403,20230421,359000,337158,12,341627,341639,17373,-4469,-4481
MTR_403,20230423,68000,57694,2,57994,57996,10006,-300,-302
MTR_403,20230424,328000,275537,11,278103,278114,49897,-2566,-2577
MTR_403,20230425,348000,297430,10,301175,301185,46825,-3745,-3755
MTR_403,20230426,407000,383919,7,393114,393121,13886,-9195,-9202
MTR_403,20230427,403000,380892,14,382959,382973,20041,-2067,-2081
MTR_403,20230428,416000,363986,14,366605,366619,49395,-2619,-2633
MTR_403,20230429,263000,254579,7,248988,248995,14012,5591,5584
MTR_403,20230501,86000,85519,8,85993,86001,7,-474,-482
MTR_403,20230502,382000,338069,10,351150,351160,30850,-13081,-13091
MTR_403,20230503,592000,562785,12,570940,570952,21060,-8155,-8167
MTR_403,20230504,600000,589940,16,591885,591901,8115,-1945,-1961
MTR_403,20230505,336000,334792,14,335945,335959,55,-1153,-1167
MTR_403,20230506,522000,455220,15,465511,465526,56489,-10291,-10306
MTR_403,20230507,17000,16817,-1,17000,16999,0,-183,-182
MTR_403,20230508,467000,447251,7,451940,451947,15060,-4689,-4696
MTR_403,20230509,545000,487912,8,496142,496150,48858,-8230,-8238
MTR_403,20230510,506000,460275,10,472869,472879,33131,-12594,-12604
MTR_403,20230511,529000,471242,16,480567,480583,48433,-9325,-9341
MTR_403,20230512,406000,395460,10,401219,401229,4781,-5759,-5769
MTR_403,20230513,422000,374942,7,387833,387840,34167,-12891,-12898
MTR_403,20230514,33000,32738,1,32999,33000,1,-261,-262
MTR_403,20230515,458000,427620,9,438696,438705,19304,-11076,-11085
MTR_403,20230516,504000,464360,6012,463734,469746,40266,626,-5386
MTR_403,20230517,588000,529930,20,539142,539162,48858,-9212,-9232
MTR_403,20230518,487000,440701,4,444011,444015,42989,-3310,-3314
MTR_403,20230519,491000,406115,14,418754,418768,72246,-12639,-12653
MTR_403,20230520,429000,377598,17,394735,394752,34265,-17137,-17154
MTR_403,20230521,33000,32794,1,32994,32995,6,-200,-201
MTR_403,20230522,595390,530187,15,543053,543068,52337,-12866,-12881
MTR_403,20230523,436000,383753,5014,397263,402277,38737,-13510,-18524
MTR_403,20230524,502000,387772,8,389985,389993,112015,-2213,-2221
MTR_403,20230525,449000,423569,11,425982,425993,23018,-2413,-2424
MTR_403,20230526,506000,450428,16,469001,469017,36999,-18573,-18589
MTR_403,20230527,498000,419545,-36004,465005,429001,32995,-45460,-9456
MTR_403,20230528,47000,46734,0,47002,47002,-2,-268,-268
MTR_403,20230529,559000,452395,22,460860,460882,98140,-8465,-8487
MTR_403,20230530,677000,449487,20,466059,466079,210941,-16572,-16592
MTR_403,20230531,583000,522333,18,532753,532771,50247,-10420,-10438
MTR_403,20230601,532000,464734,11,483946,483957,48054,-19212,-19223
MTR_403,20230602,625100,526356,15,541867,541882,83233,-15511,-15526
MTR_403,20230603,483000,424028,9,437248,437257,45752,-13220,-13229
MTR_403,20230604,16000,15875,0,15998,15998,2,-123,-123
MTR_403,20230605,525000,472558,11,485722,485733,39278,-13164,-13175
MTR_403,20230606,564000,521188,22,529491,529513,34509,-8303,-8325
MTR_403,20230607,532000,455621,16,468022,468038,63978,-12401,-12417
MTR_403,20230608,429000,366347,10,380634,380644,48366,-14287,-14297
MTR_403,20230609,508000,486929,9,492696,492705,15304,-5767,-5776
MTR_403,20230610,406000,349302,10,364644,364654,41356,-15342,-15352
MTR_403,20230611,14000,13930,0,13998,13998,2,-68,-68
MTR_403,20230612,444000,402911,7,409696,409703,34304,-6785,-6792
MTR_403,20230613,423000,393876,6,395980,395986,27020,-2104,-2110
MTR_403,20230614,430000,407716,18,409972,409990,20028,-2256,-2274
MTR_403,20230615,493000,424511,6,432380,432386,60620,-7869,-7875
MTR_403,20230616,528000,495736,15,506713,506728,21287,-10977,-10992
MTR_403,20230617,478000,451519,9,457331,457340,20669,-5812,-5821
MTR_403,20230618,14000,13925,1,13998,13999,2,-73,-74
MTR_403,20230619,395000,347080,8,350607,350615,44393,-3527,-3535
MTR_403,20230620,388000,365917,6,364640,364646,23360,1277,1271
MTR_403,20230621,362000,310053,12,315526,315538,46474,-5473,-5485
MTR_403,20230622,407000,375843,13,378967,378980,28033,-3124,-3137
MTR_403,20230623,541000,487874,22,490987,491009,50013,-3113,-3135
MTR_403,20230624,528000,490804,22,498663,498685,29337,-7859,-7881
MTR_403,20230625,19000,18838,1,19001,19002,-1,-163,-164
MTR_403,20230626,532000,477796,19,491188,491207,40812,-13392,-13411
MTR_403,20230627,538000,446713,4,485065,485069,52935,-38352,-38356
MTR_403,20230628,546000,481314,30,492053,492083,53947,-10739,-10769
MTR_403,20230630,239000,203873,3,228508,228511,10492,-24635,-24638
MTR_403,20230701,302000,258351,9,264371,264380,37629,-6020,-6029
MTR_403,20230703,232000,216595,7,224226,224233,7774,-7631,-7638
MTR_403,20230704,414100,384137,8,391560,391568,22540,-7423,-7431
MTR_403,20230705,365000,308838,14,319544,319558,45456,-10706,-10720
MTR_403,20230706,407000,341513,15,347272,347287,59728,-5759,-5774
MTR_403,20230707,418000,360317,16,375572,375588,42428,-15255,-15271
MTR_403,20230708,321000,301698,10,312276,312286,8724,-10578,-10588
MTR_403,20230710,378000,355283,10,361296,361306,16704,-6013,-6023
MTR_403,20230711,498000,384668,13,406369,406382,91631,-21701,-21714
MTR_403,20230712,516000,448025,12,459173,459185,56827,-11148,-11160
MTR_403,20230713,591000,417226,13,430815,430828,160185,-13589,-13602
MTR_403,20230714,734000,444872,16,448976,448992,285024,-4104,-4120
MTR_403,20230715,819000,344745,12,347994,348006,471006,-3249,-3261
MTR_403,20230716,55000,45566,0,46004,46004,8996,-438,-438
MTR_403,20230717,1329000,503967,40,505697,505737,823303,-1730,-1770
MTR_403,20230718,605000,424840,15,438648,438663,166352,-13808,-13823
MTR_403,20230719,369000,328028,16,340789,340805,28211,-12761,-12777
MTR_501,20210927,253000,244922,2999,478680,481679,-225680,-233758,-236757
MTR_501,20210928,533000,515662,49983,510625,560608,22375,5037,-44946
MTR_501,20210929,545100,503887,13,503433,503446,41667,454,441
MTR_501,20210930,695000,663472,11,660801,660812,34199,2671,2660
MTR_501,20211001,462000,434384,11,428202,428213,33798,6182,6171
MTR_501,20211002,294000,285631,5,287781,287786,6219,-2150,-2155
MTR_501,20211003,20000,19837,0,19984,19984,16,-147,-147
MTR_501,20211004,610000,559508,13,563774,563787,46226,-4266,-4279
MTR_501,20211005,465000,446492,11,448244,448255,16756,-1752,-1763
MTR_501,20211006,518200,475497,17,478761,478778,39439,-3264,-3281
MTR_501,20211007,485000,458465,11,461710,461721,23290,-3245,-3256
MTR_501,20211008,530100,521094,11,524776,524787,5324,-3682,-3693
MTR_501,20211009,468100,421873,6999,424768,431767,43332,-2895,-9894
MTR_501,20211011,536100,494335,16,497655,497671,38445,-3320,-3336
MTR_501,20211012,568000,549821,8,553604,553612,14396,-3783,-3791
MTR_501,20211013,142000,140941,298824,141913,440737,87,-972,-299796
MTR_501,20211014,362000,211422,133909,225838,359747,136162,-14416,-148325
MTR_501,20211015,810000,679019,23,683472,683495,126528,-4453,-4476
MTR_501,20211016,392100,362491,5,351770,351775,40330,10721,10716
MTR_501,20211017,19000,18866,-1,18983,18982,17,-117,-116
MTR_501,20211018,428000,415069,2,417710,417712,10290,-2641,-2643
MTR_501,20211019,263000,236331,14,237841,237855,25159,-1510,-1524
MTR_501,20211020,300000,297904,2,299788,299790,212,-1884,-1886
MTR_501,20211021,416000,400220,-1,402707,402706,13293,-2487,-2486
MTR_501,20211022,436000,408225,5443,409283,414726,26717,-1058,-6501
MTR_501,20211023,394000,371540,6,373749,373755,20251,-2209,-2215
MTR_501,20211024,11000,10929,0,10995,10995,5,-66,-66
MTR_501,20211025,482000,409364,9,411742,411751,70258,-2378,-2387
MTR_501,20211026,465000,435251,18,437674,437692,27326,-2423,-2441
MTR_501,20211027,456000,448201,6005,450661,456666,5339,-2460,-8465
MTR_501,20211028,593000,539662,22,548897,548919,44103,-9235,-9257
MTR_501,20211029,581000,545683,23,548654,548677,32346,-2971,-2994
MTR_501,20211030,587000,573536,12,576601,576613,10399,-3065,-3077
MTR_501,20211031,33000,32800,0,32981,32981,19,-181,-181
MTR_501,20211101,464000,441322,8,443671,443679,20329,-2349,-2357
MTR_501,20211102,430000,395608,12,411703,411715,18297,-16095,-16107
MTR_501,20211103,493000,451353,1,453731,453732,39269,-2378,-2379
MTR_501,20211104,464000,456420,4,458692,458696,5308,-2272,-2276
MTR_501,20211105,509000,469494,6013,483691,489704,25309,-14197,-20210
MTR_501,20211106,490000,465629,-5989,455692,449703,34308,9937,15926
MTR_501,20211107,48000,47771,0,47967,47967,33,-196,-196
MTR_501,20211108,473100,443111,11,447690,447701,25410,-4579,-4590
MTR_501,20211109,441000,416210,8,417683,417691,23317,-1473,-1481
MTR_501,20211110,524000,511855,7,513640,513647,10360,-1785,-1792
MTR_501,20211111,580000,534838,7,536640,536647,43360,-1802,-1809
MTR_501,20211112,676000,622509,10,624538,624548,51462,-2029,-2039
MTR_501,20211113,490000,465172,6007,466692,472699,23308,-1520,-7527
MTR_501,20211114,68000,67737,1,67966,67967,34,-229,-230
MTR_501,20211115,581200,551089,12,557362,557374,23838,-6273,-6285
MTR_501,20211116,537000,506117,14,505802,505816,31198,315,301
MTR_501,20211117,577000,535065,12,530651,530663,46349,4414,4402
MTR_501,20211118,403000,355787,15,361718,361733,41282,-5931,-5946
MTR_501,20211119,534000,495358,23,496617,496640,37383,-1259,-1282
MTR_501,20211120,448000,428656,10,429704,429714,18296,-1048,-1058
MTR_501,20211121,58000,47862,2,47971,47973,10029,-109,-111
MTR_501,20211122,658000,523547,8,525033,525041,132967,-1486,-1494
MTR_501,20211123,463000,439857,7,439808,439815,23192,49,42
MTR_501,20211124,538905,521680,3,515635,515638,23270,6045,6042
MTR_501,20211125,508000,475969,5,476691,476696,31309,-722,-727
MTR_501,20211126,512000,486048,13,486670,486683,25330,-622,-635
MTR_501,20211127,485000,441259,17,441722,441739,43278,-463,-480
MTR_501,20211129,461000,399503,19,399677,399696,61323,-174,-193
MTR_501,20211130,346000,335613,9,335783,335792,10217,-170,-179
MTR_501,20211201,523000,504491,5,504593,504598,18407,-102,-107
MTR_501,20211202,509000,498545,10,498606,498616,10394,-61,-71
MTR_501,20211203,490000,465658,2022,473455,475477,16545,-7797,-9819
MTR_501,20211204,508000,486708,10,486661,486671,21339,47,37
MTR_501,20211205,66000,65960,1,65947,65948,53,13,12
MTR_501,20211206,518000,508722,11,496656,496667,21344,12066,12055
MTR_501,20211207,492100,479892,10,479682,479692,12418,210,200
MTR_501,20211208,538000,505770,17,505633,505650,32367,137,120
MTR_501,20211209,438000,407853,10,427690,427700,10310,-19837,-19847
MTR_501,20211210,518100,477959,13,461777,461790,56323,16182,16169
MTR_501,20211211,442000,412860,11,412691,412702,29309,169,158
MTR_501,20211212,13000,12996,1,12994,12995,6,2,1
MTR_501,20211213,413000,384865,7,384749,384756,28251,116,109
MTR_501,20211214,429200,403138,16,402791,402807,26409,347,331
MTR_501,20211215,432100,405970,7,405792,405799,26308,178,171
MTR_501,20211216,510318,464098,6,457696,457702,52622,6402,6396
MTR_501,20211217,482300,452055,12,451833,451845,30467,222,210
MTR_501,20211218,526100,501800,5,506863,506868,19237,-5063,-5068
MTR_501,20211219,63000,53965,1,53963,53964,9037,2,1
MTR_501,20211220,580032,515674,8,510595,510603,69437,5079,5071
MTR_501,20211221,613000,554643,12,554579,554591,58421,64,52
MTR_501,20211222,593000,584582,9,584442,584451,8558,140,131
MTR_501,20211223,565000,542987,4,546563,546567,18437,-3576,-3580
MTR_501,20211224,607100,565846,6,570526,570532,36574,-4680,-4686
MTR_501,20211225,435000,419348,-1,422666,422665,12334,-3318,-3317
MTR_501,20211226,14000,13888,0,13988,13988,12,-100,-100
MTR_501,20211227,504000,480311,9,483656,483665,20344,-3345,-3354
MTR_501,20211228,492500,387667,21,390172,390193,102328,-2505,-2526
MTR_501,20211229,459000,430000,12,432667,432679,26333,-2667,-2679
MTR_501,20211230,629000,597076,13,600568,600581,28432,-3492,-3505
MTR_501,20211231,732000,658922,17,662573,662590,69427,-3651,-3668
MTR_501,20220101,365000,362932,5,364743,364748,257,-1811,-1816
MTR_501,20220102,44000,33822,1,33975,33976,10025,-153,-154
MTR_501,20220103,508000,491654,3,493601,493604,14399,-1947,-1950
MTR_501,20220104,549000,508756,7,510621,510628,38379,-1865,-1872
MTR_501,20220105,537882,495870,13,490620,490633,47262,5250,5237
MTR_501,20220106,593325,549279,11,544625,544636,48700,4654,4643
MTR_501,20220107,672000,632839,18,631292,631310,40708,1547,1529
MTR_501,20220108,498135,459548,8,445709,445717,52426,13839,13831
MTR_501,20220109,25000,24919,0,24987,24987,13,-68,-68
MTR_501,20220110,570100,546474,7,547631,547638,22469,-1157,-1164
MTR_501,20220111,414000,394916,5,395704,395709,18296,-788,-793
MTR_501,20220112,629000,589471,13,583705,583718,45295,5766,5753
MTR_501,20220113,627000,600570,5,601526,601531,25474,-956,-961
MTR_501,20220114,667000,643634,4,644468,644472,22532,-834,-838
MTR_501,20220115,609000,552914,13,557110,557123,51890,-4196,-4209
MTR_501,20220116,125100,114902,3,114953,114956,10147,-51,-54
MTR_501,20220117,494000,472212,11,472660,472671,21340,-448,-459
MTR_501,20220118,454906,454219,4,446700,446704,8206,7519,7515
MTR_501,20220119,482000,471354,3,471679,471682,10321,-325,-328
MTR_501,20220120,453000,437454,14,437624,437638,15376,-170,-184
MTR_501,20220121,630000,595331,3,595552,595555,34448,-221,-224
MTR_501,20220122,512100,491608,3,491648,491651,20452,-40,-43
MTR_501,20220123,6000,5995,0,5996,5996,4,-1,-1
MTR_501,20220124,599000,574533,4,574566,574570,24434,-33,-37
MTR_501,20220125,480000,472672,7,472680,472687,7320,-8,-15
MTR_501,20220126,468000,465719,1,457863,457864,10137,7856,7855
MTR_501,20220127,476000,475736,2,475673,475675,327,63,61
MTR_501,20220128,598000,577693,6,577585,577591,20415,108,102
MTR_501,20220129,588000,527717,19,520079,520098,67921,7638,7619
MTR_501,20220130,70000,69962,-1,69957,69956,43,5,6
MTR_501,20220131,659000,658688,6,683077,683083,-24077,-24389,-24395
MTR_501,20220201,503000,473776,4,461152,461156,41848,12624,12620
MTR_501,20220202,541000,504755,7,504622,504629,36378,133,126
MTR_501,20220203,564000,507767,11,507616,507627,56384,151,140
MTR_501,20220204,645000,586735,11,578569,578580,66431,8166,8155
MTR_501,20220205,466000,441797,6,441699,441705,24301,98,92
MTR_501,20220206,59000,58975,-1,58970,58969,30,5,6
MTR_501,20220207,549000,531747,16,531637,531653,17363,110,94
MTR_501,20220208,502000,455785,14,455706,455720,46294,79,65
MTR_501,20220209,476000,471777,4,471640,471644,4360,137,133
MTR_501,20220210,459000,458779,3,458608,458611,392,171,168
MTR_501,20220211,546000,521762,4,521588,521592,24412,174,170
MTR_501,20220212,494100,483886,8,483772,483780,10328,114,106
MTR_501,20220213,50000,49981,0,49969,49969,31,12,12
MTR_501,20220214,694000,663706,4,663557,663561,30443,149,145
MTR_501,20220215,755000,714722,12,714407,714419,40593,315,303
MTR_501,20220216,539117,518946,12,518683,518695,20434,263,251
MTR_501,20220217,496000,489832,18,489635,489653,6365,197,179
MTR_501,20220218,609000,591781,6,580579,580585,28421,11202,11196
MTR_501,20220219,590766,422581,4,418762,418766,172004,3819,3815
MTR_501,20220221,526000,513766,10,513798,513808,12202,-32,-42
MTR_501,20220222,459000,416800,7,416712,416719,42288,88,81
MTR_501,20220223,599000,539706,25,539648,539673,59352,58,33
MTR_501,20220224,611100,537807,15,537661,537676,73439,146,131
MTR_501,20220225,746230,683862,11,683619,683630,62611,243,232
MTR_501,20220226,467100,458870,3,458728,458731,8372,142,139
MTR_501,20220227,30000,29986,0,29974,29974,26,12,12
MTR_501,20220228,756000,720739,16,720446,720462,35554,293,277
MTR_501,20220301,566000,526810,16,526634,526650,39366,176,160
MTR_501,20220302,495000,458839,9,458716,458725,36284,123,114
MTR_501,20220303,519000,478783,14,477709,477723,41291,1074,1060
MTR_501,20220304,651100,613840,7,613571,613578,37529,269,262
MTR_501,20220305,551100,498929,8,495620,495628,55480,3309,3301
MTR_501,20220306,50000,39989,-1,39975,39974,10025,14,15
MTR_501,20220307,613000,572865,9,572600,572609,40400,265,256
MTR_501,20220308,564000,513879,4,513960,513964,50040,-81,-85
MTR_501,20220309,548000,516884,9,518579,518588,29421,-1695,-1704
MTR_501,20220310,500000,499859,4,499565,499569,435,294,290
MTR_501,20220311,671000,610797,6,610530,610536,60470,267,261
MTR_501,20220312,510000,473837,5,473645,473650,36355,192,187
MTR_501,20220313,92000,89962,1,89925,89926,2075,37,36
MTR_501,20220314,659000,628733,7,628494,628501,30506,239,232
MTR_501,20220315,655200,593249,7,592969,592976,62231,280,273
MTR_501,20220316,474000,444993,9,444738,444747,29262,255,246
MTR_501,20220317,505000,460019,19,459696,459715,45304,323,304
MTR_501,20220318,617000,563996,22,563629,563651,53371,367,345
MTR_501,20220319,498000,483938,3,483641,483644,14359,297,294
MTR_501,20220320,47000,46984,0,46972,46972,28,12,12
MTR_501,20220321,542000,496984,17,496638,496655,45362,346,329
MTR_501,20220322,534000,501956,14,501673,501687,32327,283,269
MTR_501,20220323,465000,437863,6,441132,441138,23868,-3269,-3275
MTR_501,20220324,473000,426123,18,425729,425747,47271,394,376
MTR_501,20220325,475000,450332,7,449733,449740,25267,599,592
MTR_501,20220326,406400,398663,1,398014,398015,8386,649,648
MTR_501,20220327,32000,32008,0,31973,31973,27,35,35
MTR_501,20220328,567000,547958,9,547598,547607,19402,360,351
MTR_501,20220329,494100,474033,5,473732,473737,20368,301,296
MTR_501,20220330,554000,496938,10,496664,496674,57336,274,264
MTR_501,20220331,626000,616831,9,616509,616518,9491,322,313
MTR_501,20220401,579100,578872,7,578694,578701,406,178,171
MTR_501,20220402,547000,503998,8,503619,503627,43381,379,371
MTR_501,20220403,57000,48993,0,48967,48967,8033,26,26
MTR_501,20220404,522340,481477,8,480998,481006,41342,479,471
MTR_501,20220405,457510,449809,3,445725,445728,11785,4084,4081
MTR_501,20220406,333000,314223,5,324245,324250,8755,-10022,-10027
MTR_501,20220407,481000,473252,8,462190,462198,18810,11062,11054
MTR_501,20220408,531940,461056,10,452640,452650,79300,8416,8406
MTR_501,20220409,444000,424986,9,422673,422682,21327,2313,2304
MTR_501,20220410,16000,15999,0,15990,15990,10,9,9
MTR_501,20220411,520000,492773,12,492591,492603,27409,182,170
MTR_501,20220412,303000,297782,6,297748,297754,5252,34,28
MTR_501,20220413,361000,354813,1,354740,354741,6260,73,72
MTR_501,20220414,331000,318798,7,318725,318732,12275,73,66
MTR_501,20220415,502000,477597,14,477630,477644,24370,-33,-47
MTR_501,20220416,456000,447449,1,447690,447691,8310,-241,-242
MTR_501,20220418,571000,559776,7,560579,560586,10421,-803,-810
MTR_501,20220419,595000,530803,25,545587,545612,49413,-14784,-14809
MTR_501,20220420,430000,418345,6,404116,404122,25884,14229,14223
MTR_501,20220421,896000,871655,8,872375,872383,23625,-720,-728
MTR_501,20220422,417000,416580,-1,416721,416720,279,-141,-140
MTR_501,20220423,65000,14924,1,14990,14991,50010,-66,-67
MTR_501,20220424,423000,419921,5,422724,422729,276,-2803,-2808
MTR_501,20220425,497000,488493,-1,491673,491672,5327,-3180,-3179
MTR_501,20220426,577000,551034,10,554592,554602,22408,-3558,-3568
MTR_501,20220427,570000,528198,8,531647,531655,38353,-3449,-3457
MTR_501,20220428,602000,577840,-1,583082,583081,18918,-5242,-5241
MTR_501,20220429,600000,543086,12,546623,546635,53377,-3537,-3549
MTR_501,20220501,12000,11914,0,11994,11994,6,-80,-80
MTR_501,20220503,346000,337572,5,339752,339757,6248,-2180,-2185
MTR_501,20220504,393000,384233,1,392710,392711,290,-8477,-8478
MTR_501,20220505,556000,544086,6,547618,547624,8382,-3532,-3538
MTR_501,20220506,496100,479648,5,482761,482766,13339,-3113,-3118
MTR_501,20220507,384000,371325,6,373746,373752,10254,-2421,-2427
MTR_501,20220508,48000,36736,1,36975,36976,11025,-239,-240
MTR_501,20220509,528000,500401,16,506655,506671,21345,-6254,-6270
MTR_501,20220510,524000,490467,13,493684,493697,30316,-3217,-3230
MTR_501,20220511,659000,605638,10,612099,612109,46901,-6461,-6471
MTR_501,20220512,624000,589751,2,593557,593559,30443,-3806,-3808
MTR_501,20220513,758000,733718,0,738490,738490,19510,-4772,-4772
MTR_501,20220514,741000,664214,14,668904,668918,72096,-4690,-4704
MTR_501,20220515,59000,58578,-1,58963,58962,37,-385,-384
MTR_501,20220516,558000,532170,10,535642,535652,22358,-3472,-3482
MTR_501,20220517,543000,533160,8,536565,536573,6435,-3405,-3413
MTR_501,20220518,554000,543093,10005,546576,556581,7424,-3483,-13488
MTR_501,20220519,612000,536140,27,536857,536884,75143,-717,-744
MTR_501,20220520,705100,668286,9,672579,672588,32521,-4293,-4302
MTR_501,20220521,475000,436856,5,439657,439662,35343,-2801,-2806
MTR_501,20220522,35000,34749,-1,34975,34974,25,-226,-225
MTR_501,20220523,603000,561955,20,565542,565562,37458,-3587,-3607
MTR_501,20220524,635517,605157,11,608609,608620,26908,-3452,-3463
MTR_501,20220525,567000,516281,5,531167,531172,35833,-14886,-14891
MTR_501,20220526,451000,439831,3,442665,442668,8335,-2834,-2837
MTR_501,20220527,592100,545176,2,548690,548692,43410,-3514,-3516
MTR_501,20220528,453000,423943,7,429261,429268,23739,-5318,-5325
MTR_501,20220529,22000,21842,1,21991,21992,9,-149,-150
MTR_501,20220530,521000,502385,12,505619,505631,15381,-3234,-3246
MTR_501,20220531,422100,388304,13,390786,390799,31314,-2482,-2495
MTR_501,20220601,701000,595714,29,599559,599588,101441,-3845,-3874
MTR_501,20220602,653000,556993,15,560568,560583,92432,-3575,-3590
MTR_501,20220603,788000,715846,14,720450,720464,67550,-4604,-4618
MTR_501,20220604,517000,449761,8,452654,452662,64346,-2893,-2901
MTR_501,20220605,16000,15887,-1,15983,15982,17,-96,-95
MTR_501,20220606,737000,673149,8,677534,677542,59466,-4385,-4393
MTR_501,20220607,734000,694991,4,703512,703516,30488,-8521,-8525
MTR_501,20220608,608000,552023,5,555615,555620,52385,-3592,-3597
MTR_501,20220609,629000,559968,4,563537,563541,65463,-3569,-3573
MTR_501,20220610,669000,654289,6,658485,658491,10515,-4196,-4202
MTR_501,20220611,384000,369341,4,371728,371732,12272,-2387,-2391
MTR_501,20220612,18000,17871,1,17991,17992,9,-120,-121
MTR_501,20220613,693000,630465,2,634528,634530,58472,-4063,-4065
MTR_501,20220614,652000,622520,11,626510,626521,25490,-3990,-4001
MTR_501,20220615,823195,758732,14327,752204,766531,70991,6528,-7799
MTR_501,20220616,448000,387212,4396,385342,389738,62658,1870,-2526
MTR_501,20220617,527000,511316,2,514631,514633,12369,-3315,-3317
MTR_501,20220618,409000,394161,3,393697,393700,15303,464,461
MTR_501,20220620,411100,373408,7,375443,375450,35657,-2035,-2042
MTR_501,20220621,521000,479543,5,478577,478582,42423,966,961
MTR_501,20220622,408000,353454,4,355756,355760,52244,-2302,-2306
MTR_501,20220623,349000,305796,4,307612,307616,41388,-1816,-1820
MTR_501,20220624,309200,306989,6,308809,308815,391,-1820,-1826
MTR_501,20220625,384000,370333,1,372753,372754,11247,-2420,-2421
MTR_501,20220627,200000,194598,-1,195799,195798,4201,-1201,-1200
MTR_501,20220630,21000,20850,12039,20942,32981,58,-92,-12131
MTR_501,20220701,459512,384741,4,385756,385760,73756,-1015,-1019
MTR_501,20220702,456000,452739,5,455673,455678,327,-2934,-2939
MTR_501,20220703,104000,80420,0,80946,80946,23054,-526,-526
MTR_501,20220704,502000,462669,0,465628,465628,36372,-2959,-2959
MTR_501,20220705,569000,529190,10,532553,532563,36447,-3363,-3373
MTR_501,20220706,537000,467629,3,470606,470609,66394,-2977,-2980
MTR_501,20220707,559000,531178,6,534588,534594,24412,-3410,-3416
MTR_501,20220708,577000,561951,5,565603,565608,11397,-3652,-3657
MTR_501,20220709,206000,204527,4,205838,205842,162,-1311,-1315
MTR_501,20220711,167752,158608,2,156899,156901,10853,1709,1707
MTR_501,20220712,224000,222399,5,223841,223846,159,-1442,-1447
MTR_501,20220713,209000,196585,-1,197877,197876,11123,-1292,-1291
MTR_501,20220714,262000,260126,4,261795,261799,205,-1669,-1673
MTR_501,20220715,284000,270056,1,271823,271824,12177,-1767,-1768
MTR_501,20220716,463200,420171,7,428678,428685,34522,-8507,-8514
MTR_501,20220717,18000,15885,0,15989,15989,2011,-104,-104
MTR_501,20220718,529000,500394,4,503647,503651,25353,-3253,-3257
MTR_501,20220719,605000,552025,6,555628,555634,49372,-3603,-3609
MTR_501,20220720,574000,561954,5,565664,565669,8336,-3710,-3715
MTR_501,20220721,426750,396894,7,397689,397696,29061,-795,-802
MTR_501,20220722,542000,486499,6,489620,489626,52380,-3121,-3127
MTR_501,20220723,572000,516282,6,519627,519633,52373,-3345,-3351
MTR_501,20220724,19000,18864,0,18985,18985,15,-121,-121
MTR_501,20220725,525000,495430,2,498633,498635,26367,-3203,-3205
MTR_501,20220726,542000,522239,5,519917,519922,22083,2322,2317
MTR_501,20220727,509000,469618,2,472666,472668,36334,-3048,-3050
MTR_501,20220728,487000,457701,3,465524,465527,21476,-7823,-7826
MTR_501,20220729,465000,438838,7,441717,441724,23283,-2879,-2886
MTR_501,20220730,426000,416006,8,418714,418722,7286,-2708,-2716
MTR_501,20220731,3000,2979,0,2995,2995,5,-16,-16
MTR_501,20220801,713000,676131,5,677561,677566,35439,-1430,-1435
MTR_501,20220802,611000,590739,8,594536,594544,16464,-3797,-3805
MTR_501,20220803,719000,674139,2,678494,678496,40506,-4355,-4357
MTR_501,20220804,654000,607626,4,611552,611556,42448,-3926,-3930
MTR_501,20220805,597000,580815,5,594589,594594,2411,-13774,-13779
MTR_501,20220806,605000,585779,5,579595,579600,25405,6184,6179
MTR_501,20220807,137000,136020,2,136920,136922,80,-900,-902
MTR_501,20220808,614000,534159,6,539658,539664,74342,-5499,-5505
MTR_501,20220809,577000,516283,1,519657,519658,57343,-3374,-3375
MTR_501,20220810,476100,444897,2,447684,447686,28416,-2787,-2789
MTR_501,20220811,505200,478755,10,481467,481477,23733,-2712,-2722
MTR_501,20220812,490100,454825,3,457552,457555,32548,-2727,-2730
MTR_501,20220813,444000,416996,1,419672,419673,24328,-2676,-2677
MTR_501,20220814,97000,88364,-1,88927,88926,8073,-563,-562
MTR_501,20220815,493000,461671,4,464648,464652,28352,-2977,-2981
MTR_501,20220816,720000,698962,9,692374,692383,27626,6588,6579
MTR_501,20220817,669000,632446,1,636569,636570,32431,-4123,-4124
MTR_501,20220818,502000,498409,3,501572,501575,428,-3163,-3166
MTR_501,20220819,682000,634429,1,638585,638586,43415,-4156,-4157
MTR_501,20220820,595000,570888,7,574605,574612,20395,-3717,-3724
MTR_501,20220821,71000,70492,0,70950,70950,50,-458,-458
MTR_501,20220822,575000,570887,2,574543,574545,457,-3656,-3658
MTR_501,20220823,587000,582802,5,586564,586569,436,-3762,-3767
MTR_501,20220824,508000,496427,9,499661,499670,8339,-3234,-3243
MTR_501,20220825,547000,519261,1,526626,526627,20374,-7365,-7366
MTR_501,20220826,559000,545078,8,548624,548632,10376,-3546,-3554
MTR_501,20220827,518000,480540,0,486641,486641,31359,-6101,-6101
MTR_501,20220828,103000,102262,0,102933,102933,67,-671,-671
MTR_501,20220829,623500,616464,8,620401,620409,3099,-3937,-3945
MTR_501,20220830,634500,598189,-2,601922,601920,32578,-3733,-3731
MTR_501,20220831,644000,583796,4,582664,582668,61336,1132,1128
MTR_501,20220901,447000,411038,0,413718,413718,33282,-2680,-2680
MTR_501,20220902,670229,553246,5,551574,551579,118655,1672,1667
MTR_501,20220903,674000,547059,5,550599,550604,123401,-3540,-3545
MTR_501,20220904,30000,29786,1,29978,29979,22,-192,-193
MTR_501,20220905,511100,497520,11,500632,500643,10468,-3112,-3123
MTR_501,20220906,542000,524231,-2,517647,517645,24353,6584,6586
MTR_501,20220907,534580,521823,1,525200,525201,9380,-3377,-3378
MTR_501,20220908,513790,477355,5,466662,466667,47128,10693,10688
MTR_501,20220909,511000,507346,8,509665,509673,1335,-2319,-2327
MTR_501,20220910,523000,491460,5,495241,495246,27759,-3781,-3786
MTR_501,20220911,16600,16482,0,15986,15986,614,496,496
MTR_501,20220912,540000,517275,6,520637,520643,19363,-3362,-3368
MTR_501,20220913,443000,439831,4,442697,442701,303,-2866,-2870
MTR_501,20220914,423000,407067,4,409690,409694,13310,-2623,-2627
MTR_501,20220915,382000,379274,3,381719,381722,281,-2445,-2448
MTR_501,20220916,650000,594713,4002,648473,652475,1527,-53760,-57762
MTR_501,20220917,623000,559968,-3993,528592,524599,94408,31376,35369
MTR_501,20220918,28000,27800,0,27980,27980,20,-180,-180
MTR_501,20220919,666000,640387,4,631540,631544,34460,8847,8843
MTR_501,20220920,526000,506351,5,509629,509634,16371,-3278,-3283
MTR_501,20220921,617000,601665,3,608527,608530,8473,-6862,-6865
MTR_501,20220922,548000,544079,8,547642,547650,358,-3563,-3571
MTR_501,20220923,645000,612584,8,616526,616534,28474,-3942,-3950
MTR_501,20220924,414000,393170,5,395760,395765,18240,-2590,-2595
MTR_501,20220926,482000,438838,2,441680,441682,40320,-2842,-2844
MTR_501,20220927,345000,324662,4,326762,326766,18238,-2100,-2104
MTR_501,20220928,359000,330622,27989,332762,360751,26238,-2140,-30129
MTR_501,20220929,354000,338563,2,340706,340708,13294,-2143,-2145
MTR_501,20220930,345000,338562,-2,340749,340747,4251,-2187,-2185
MTR_501,20221001,410000,384282,129164,386716,515880,23284,-2434,-131598
MTR_501,20221004,671000,646290,191987,650541,842528,20459,-4251,-196238
MTR_501,20221005,519000,485531,21977,488668,510645,30332,-3137,-25114
MTR_501,20221006,526000,504956,2,508627,508629,17373,-3671,-3673
MTR_501,20221007,442000,437920,124912,455665,580577,-13665,-17745,-142657
MTR_501,20221008,509000,484535,1,474655,474656,34345,9880,9879
MTR_501,20221010,434000,404263,10992,407725,418717,26275,-3462,-14454
MTR_501,20221011,509000,483612,6,487648,487654,21352,-4036,-4042
MTR_501,20221012,654000,628403,6,633533,633539,20467,-5130,-5136
MTR_501,20221013,674000,634412,5,643585,643590,30415,-9173,-9178
MTR_501,20221014,744000,728599,10,738487,738497,5513,-9888,-9898
MTR_501,20221015,651000,605679,8,614527,614535,36473,-8848,-8856
MTR_501,20221016,31000,30545,-1,30971,30970,29,-426,-425
MTR_501,20221017,353000,333251,6,337722,337728,15278,-4471,-4477
MTR_501,20221018,478000,421174,7,426655,426662,51345,-5481,-5488
MTR_501,20221019,400000,353307,9,357720,357729,42280,-4413,-4422
MTR_501,20221020,84000,75044,508631,75942,584573,8058,-898,-509529
MTR_501,20221021,596000,569125,2,575631,575633,20369,-6506,-6508
MTR_501,20221022,378700,360919,1,359682,359683,19018,1237,1236
MTR_501,20221023,108000,97003,1,97924,97925,10076,-921,-922
MTR_501,20221024,552000,505827,3,510578,510581,41422,-4751,-4754
MTR_501,20221025,545100,521846,6,526575,526581,18525,-4729,-4735
MTR_501,20221026,620000,575344,7,580608,580615,39392,-5264,-5271
MTR_501,20221027,506000,477364,6,481653,481659,24347,-4289,-4295
MTR_501,20221028,586000,556771,6,561479,561485,24521,-4708,-4714
MTR_501,20221029,568000,550062,7,561629,561636,6371,-11567,-11574
MTR_501,20221030,108000,107056,-1,107933,107932,67,-877,-876
MTR_501,20221031,720200,706295,10,711606,711616,8594,-5311,-5321
MTR_501,20221101,484000,473869,2,477668,477670,6332,-3799,-3801
MTR_501,20221102,414000,410105,3,413670,413673,330,-3565,-3568
MTR_501,20221103,515000,476643,8,480644,480652,34356,-4001,-4009
MTR_501,20221104,543000,504568,-2,508665,508663,34335,-4097,-4095
MTR_501,20221105,388000,366889,9,369704,369713,18296,-2815,-2824
MTR_501,20221106,74000,62492,2,62951,62953,11049,-459,-461
MTR_501,20221107,501000,473318,8,476658,476666,24342,-3340,-3348
MTR_501,20221108,442000,430747,5,438712,438717,3288,-7965,-7970
MTR_501,20221109,343000,340595,4,342723,342727,277,-2128,-2132
MTR_501,20221110,372000,361542,5,363708,363713,8292,-2166,-2171
MTR_501,20221111,525000,516555,-3,510622,510619,14378,5933,5936
MTR_501,20221112,433100,430295,10,432725,432735,375,-2430,-2440
MTR_501,20221113,45000,44715,1,44969,44970,31,-254,-255
MTR_501,20221114,373000,319864,7,321725,321732,51275,-1861,-1868
MTR_501,20221115,280000,263132,0,264778,264778,15222,-1646,-1646
MTR_501,20221116,530000,515387,8,518572,518580,11428,-3185,-3193
MTR_501,20221117,533000,519421,3,522594,522597,10406,-3173,-3176
MTR_501,20221118,490100,476935,5,479633,479638,10467,-2698,-2703
MTR_501,20221119,370000,357783,3,359721,359724,10279,-1938,-1941
MTR_501,20221120,20000,19883,0,19978,19978,22,-95,-95
MTR_501,20221121,500000,491269,3,493695,493698,6305,-2426,-2429
MTR_501,20221122,557000,526080,3,528629,528632,28371,-2549,-2552
MTR_501,20221123,433000,404801,10,406706,406716,26294,-1905,-1915
MTR_501,20221124,488000,453620,4,466622,466626,21378,-13002,-13006
MTR_501,20221125,435100,424754,4,426717,426721,8383,-1963,-1967
MTR_501,20221126,427000,413616,6,415702,415708,11298,-2086,-2092
MTR_501,20221128,442000,427760,3,429655,429658,12345,-1895,-1898
MTR_501,20221129,377000,375218,3,376709,376712,291,-1491,-1494
MTR_501,20221130,346100,309758,1500,309386,310886,36714,372,-1128
MTR_501,20221201,435000,433258,6,434685,434691,315,-1427,-1433
MTR_501,20221202,509000,490257,8,495547,495555,13453,-5290,-5298
MTR_501,20221203,453000,437652,3,438664,438667,14336,-1012,-1015
MTR_501,20221204,92000,77766,-1,77868,77867,14132,-102,-101
MTR_501,20221205,533000,486598,18,487548,487566,45452,-950,-968
MTR_501,20221206,501000,476324,14,482764,482778,18236,-6440,-6454
MTR_501,20221207,537000,513053,19,514594,514613,22406,-1541,-1560
MTR_501,20221208,455000,435374,12,436681,436693,18319,-1307,-1319
MTR_501,20221209,432586,405116,4,402683,402687,29903,2433,2429
MTR_501,20221210,439000,415532,2,416753,416755,22247,-1221,-1223
MTR_501,20221211,75000,74734,2,74943,74945,57,-209,-211
MTR_501,20221212,421100,373732,4,374826,374830,46274,-1094,-1098
MTR_501,20221213,418000,381409,7,374743,374750,43257,6666,6659
MTR_501,20221214,389000,379395,-2,380702,380700,8298,-1307,-1305
MTR_501,20221215,269000,263934,-1,264788,264787,4212,-854,-853
MTR_501,20221216,572000,539003,13,530642,530655,41358,8361,8348
MTR_501,20221217,448000,420468,4,421698,421702,26302,-1230,-1234
MTR_501,20221218,78000,72740,0,72961,72961,5039,-221,-221
MTR_501,20221219,618000,576850,11,578552,578563,39448,-1702,-1713
MTR_501,20221220,485000,452379,8,453627,453635,31373,-1248,-1256
MTR_501,20221221,556000,522231,8,523560,523568,32440,-1329,-1337
MTR_501,20221222,492000,475420,-1,476632,476631,15368,-1212,-1211
MTR_501,20221223,537000,479461,9,480641,480650,56359,-1180,-1189
MTR_501,20221224,489000,456570,4,457680,457684,31320,-1110,-1114
MTR_501,20221225,17000,16952,0,16980,16980,20,-28,-28
MTR_501,20221226,523000,503493,6,504644,504650,18356,-1151,-1157
MTR_501,20221227,321000,302093,5000,302762,307762,18238,-669,-5669
MTR_501,20221228,649000,627435,12,647840,647852,1160,-20405,-20417
MTR_501,20221229,592000,553860,5,552602,552607,39398,1258,1253
MTR_501,20221230,577000,541432,13,541204,541217,35796,228,215
MTR_501,20221231,309000,302851,1,303751,303752,5249,-900,-901
MTR_501,20230101,154000,121561,1,137892,137893,16108,-16331,-16332
MTR_501,20230102,509000,487573,4,488602,488606,20398,-1029,-1033
MTR_501,20230103,565000,541436,3,542550,542553,22450,-1114,-1117
MTR_501,20230104,506100,459779,363,475292,475655,30808,-15513,-15876
MTR_501,20230105,501000,469670,-351,454010,453659,46990,15660,16011
MTR_501,20230106,463000,441777,0,442669,442669,20331,-892,-892
MTR_501,20230107,341000,340130,2,340751,340753,249,-621,-623
MTR_501,20230108,118000,117702,2,117938,117940,62,-236,-238
MTR_501,20230109,435000,410843,11,409723,409734,25277,1120,1109
MTR_501,20230110,380000,357897,2,358748,358750,21252,-851,-853
MTR_501,20230111,329000,315016,5,315772,315777,13228,-756,-761
MTR_501,20230112,324000,291119,2,291803,291805,32197,-684,-686
MTR_501,20230116,131000,130854,4,130880,130884,120,-26,-30
MTR_501,20230117,324000,281738,-3,293656,293653,30344,-11918,-11915
MTR_501,20230118,430000,410690,5,398870,398875,31130,11820,11815
MTR_501,20230119,458000,436250,11,435645,435656,22355,605,594
MTR_501,20230120,442100,401541,7,397776,397783,44324,3765,3758
MTR_501,20230121,455000,426884,7,426693,426700,28307,191,184
MTR_501,20230122,55000,49982,5,49963,49968,5037,19,14
MTR_501,20230123,386000,382963,17,382693,382710,3307,270,253
MTR_501,20230124,420000,404034,2,403696,403698,16304,338,336
MTR_501,20230125,361000,325234,1,324751,324752,36249,483,482
MTR_501,20230126,392000,366504,5,365733,365738,26267,771,766
MTR_501,20230127,391000,385417,6,384715,384721,6285,702,696
MTR_501,20230128,367000,344639,3,343747,343750,23253,892,889
MTR_501,20230129,31000,31108,1,30974,30975,26,134,133
MTR_501,20230130,480000,444653,4,443660,443664,36340,993,989
MTR_501,20230131,418000,373467,11,370759,370770,47241,2708,2697
MTR_501,20230201,365000,362457,4,361776,361780,3224,681,677
MTR_501,20230202,373000,373425,5,372721,372726,279,704,699
MTR_501,20230203,352000,352417,1,351741,351742,259,676,675
MTR_501,20230204,306000,278289,3,277776,277779,28224,513,510
MTR_501,20230205,65000,65071,1,64948,64949,52,123,122
MTR_501,20230206,395000,395362,2,394670,394672,330,692,690
MTR_501,20230207,455000,394378,20,393708,393728,61292,670,650
MTR_501,20230208,369000,360517,2,359745,359747,9255,772,770
MTR_501,20230209,409000,409541,6,408657,408663,343,884,878
MTR_501,20230210,422000,395347,6,394681,394687,27319,666,660
MTR_501,20230211,280000,274264,3,273792,273795,6208,472,469
MTR_501,20230212,30000,30028,0,29977,29977,23,51,51
MTR_501,20230213,346000,311259,0,310739,310739,35261,520,520
MTR_501,20230214,643000,303236,6,302786,302792,340214,450,444
MTR_501,20230215,362000,346326,0,345735,345735,16265,591,591
MTR_501,20230216,469000,457314,7,456662,456669,12338,652,645
MTR_501,20230217,440000,390244,5,389732,389737,50268,512,507
MTR_501,20230218,433000,402225,-2,401698,401696,31302,527,529
MTR_501,20230219,48000,48021,1,47959,47960,41,62,61
MTR_501,20230220,410000,407156,4,406697,406701,3303,459,455
MTR_501,20230221,477000,471155,-4,470653,470649,6347,502,506
MTR_501,20230222,434000,419424,5,419683,419688,14317,-259,-264
MTR_501,20230223,400000,380009,0,380706,380706,19294,-697,-697
MTR_501,20230224,527000,515764,9,511593,511602,15407,4171,4162
MTR_501,20230225,516000,491974,5,502537,502542,13463,-10563,-10568
MTR_501,20230226,82000,79853,2,79939,79941,2061,-86,-88
MTR_501,20230227,498000,369350,3,369729,369732,128271,-379,-382
MTR_501,20230228,348000,332466,4,332752,332756,15248,-286,-290
MTR_501,20230301,677000,439398,5,434437,434442,242563,4961,4956
MTR_501,20230302,616000,562559,21,562564,562585,53436,-5,-26
MTR_501,20230303,588000,554703,9,558594,558603,29406,-3891,-3900
MTR_501,20230304,477000,463822,19,463698,463717,13302,124,105
MTR_501,20230305,86000,86029,0,85933,85933,67,96,96
MTR_501,20230306,624100,569950,8,569677,569685,54423,273,265
MTR_501,20230307,597000,416753,13,416726,416739,180274,27,14
MTR_501,20230308,382000,373694,4,373728,373732,8272,-34,-38
MTR_501,20230309,540000,519564,8,519701,519709,20299,-137,-145
MTR_501,20230310,445400,431100,17,430751,430768,14649,349,332
MTR_501,20230311,391000,368839,12,368761,368773,22239,78,66
MTR_501,20230312,117000,66960,7,66955,66962,50045,5,-2
MTR_501,20230313,265000,254811,9,254820,254829,10180,-9,-18
MTR_501,20230314,479000,453602,21,453709,453730,25291,-107,-128
MTR_501,20230315,521000,520581,-5,520654,520649,346,-73,-68
MTR_501,20230316,443000,417493,2,417731,417733,25269,-238,-240
MTR_501,20230317,521000,486607,5,487681,487686,33319,-1074,-1079
MTR_501,20230318,418000,416746,3,417700,417703,300,-954,-957
MTR_501,20230319,36000,35874,0,35978,35978,22,-104,-104
MTR_501,20230320,589000,546620,6,548608,548614,40392,-1988,-1994
MTR_501,20230321,568000,554618,11,556663,556674,11337,-2045,-2056
MTR_501,20230322,575000,560656,7,562632,562639,12368,-1976,-1983
MTR_501,20230323,459000,457132,5,458722,458727,278,-1590,-1595
MTR_501,20230324,479000,465118,3,470705,470708,8295,-5587,-5590
MTR_501,20230325,393000,352095,7,352750,352757,40250,-655,-662
MTR_501,20230326,31000,30880,0,30981,30981,19,-101,-101
MTR_501,20230327,435000,412345,9,413743,413752,21257,-1398,-1407
MTR_501,20230328,304000,302847,-1,303804,303803,196,-957,-956
MTR_501,20230329,290000,288956,0,289820,289820,180,-864,-864
MTR_501,20230330,365000,364112,4,364745,364749,255,-633,-637
MTR_501,20230331,325000,324211,4,324799,324803,201,-588,-592
MTR_501,20230401,412000,390049,7,390727,390734,21273,-678,-685
MTR_501,20230402,65000,64837,2,64960,64962,40,-123,-125
MTR_501,20230403,551000,533643,-1,534641,534640,16359,-998,-997
MTR_501,20230404,564000,522497,6,526370,526376,37630,-3873,-3879
MTR_501,20230405,931000,413802,12,410719,410731,520281,3083,3071
MTR_501,20230406,407000,381921,3,382743,382746,24257,-822,-825
MTR_501,20230407,469000,446486,7,447714,447721,21286,-1228,-1235
MTR_501,20230408,345000,291064,9,332976,332985,12024,-41912,-41921
MTR_501,20230409,64000,46849,2,61440,61442,2560,-14591,-14593
MTR_501,20230410,388000,324943,7,299795,299802,88205,25148,25141
MTR_501,20230411,430000,408653,2,409749,409751,20251,-1096,-1098
MTR_501,20230412,438000,411676,2,412756,412758,25244,-1080,-1082
MTR_501,20230413,430000,398998,9,399755,399764,30245,-757,-766
MTR_501,20230414,417000,391986,7,392821,392828,24179,-835,-842
MTR_501,20230415,284000,269201,6,260692,260698,23308,8509,8503
MTR_501,20230416,21000,20934,0,20980,20980,20,-46,-46
MTR_501,20230417,342000,316198,1,313838,313839,28162,2360,2359
MTR_501,20230418,228000,226892,4,227816,227820,184,-924,-928
MTR_501,20230419,381000,376206,6,377729,377735,3271,-1523,-1529
MTR_501,20230420,347000,339256,8,340831,340839,6169,-1575,-1583
MTR_501,20230421,318000,288428,6,289825,289831,28175,-1397,-1403
MTR_501,20230423,64000,63662,-1,63962,63961,38,-300,-299
MTR_501,20230424,344000,321286,11,322780,322791,21220,-1494,-1505
MTR_501,20230425,262000,244712,3,245829,245832,16171,-1117,-1120
MTR_501,20230426,334000,325232,0,326789,326789,7211,-1557,-1557
MTR_501,20230427,454000,442551,2,444685,444687,9315,-2134,-2136
MTR_501,20230428,460000,427623,7,429711,429718,30289,-2088,-2095
MTR_501,20230429,326000,318236,4,319820,319824,6180,-1584,-1588
MTR_501,20230430,44000,43754,3,43963,43966,37,-209,-212
MTR_501,20230501,305000,299323,-1,300834,300833,4166,-1511,-1510
MTR_501,20230502,542000,530978,-2,533691,533689,8309,-2713,-2711
MTR_501,20230503,579100,563873,6,566757,566763,12343,-2884,-2890
MTR_501,20230504,595000,562045,4,568573,568577,26427,-6528,-6532
MTR_501,20230505,445000,443414,5,444684,444689,316,-1270,-1275
MTR_501,20230506,436000,423559,1,422685,422686,13315,874,873
MTR_501,20230507,45000,44515,2,44959,44961,41,-444,-446
MTR_501,20230508,358000,354229,3,357785,357788,215,-3556,-3559
MTR_501,20230509,523000,487911,7,492698,492705,30302,-4787,-4794
MTR_501,20230510,480000,466207,10,470732,470742,9268,-4525,-4535
MTR_501,20230511,439000,420764,17,421101,421118,17899,-337,-354
MTR_501,20230512,401000,382480,-11991,397780,385789,3220,-15300,-3309
MTR_501,20230513,370000,367010,2,369758,369760,242,-2748,-2750
MTR_501,20230515,399000,384963,6,384308,384314,14692,655,649
MTR_501,20230516,446000,434610,16,437742,437758,8258,-3132,-3148
MTR_501,20230517,540000,513062,12,516681,516693,23319,-3619,-3631
MTR_501,20230518,431000,419861,8,422768,422776,8232,-2907,-2915
MTR_501,20230519,343000,330641,8,331833,331841,11167,-1192,-1200
MTR_501,20230520,363000,340816,5,342779,342784,20221,-1963,-1968
MTR_501,20230521,17000,16894,0,16985,16985,15,-91,-91
MTR_501,20230522,502000,447296,13,446469,446482,55531,827,814
MTR_501,20230523,373000,346969,6,348787,348793,24213,-1818,-1824
MTR_501,20230524,323672,321825,5,320484,320489,3188,1341,1336
MTR_501,20230525,322000,321157,16988,305744,322732,16256,15413,-1575
MTR_501,20230526,477000,468323,10,470769,470779,6231,-2446,-2456
MTR_501,20230527,435000,422515,7,424785,424792,10215,-2270,-2277
MTR_501,20230528,16000,15909,1,15990,15991,10,-81,-82
MTR_501,20230529,436000,417577,10,419759,419769,16241,-2182,-2192
MTR_501,20230530,409000,365948,4002,386743,390745,22257,-20795,-24797
MTR_501,20230531,583258,531356,8,510638,510646,72620,20718,20710
MTR_501,20230601,483100,438991,10,441727,441737,41373,-2736,-2746
MTR_501,20230602,729000,457738,5016,461236,466252,267764,-3498,-8514
MTR_501,20230603,356100,345700,9,347758,347767,8342,-2058,-2067
MTR_501,20230604,36000,35744,2,35972,35974,28,-228,-230
MTR_501,20230605,425000,389177,8,391759,391767,33241,-2582,-2590
MTR_501,20230606,451000,402060,8,407600,407608,43400,-5540,-5548
MTR_501,20230607,431000,416904,19,419765,419784,11235,-2861,-2880
MTR_501,20230608,371000,337545,8,339818,339826,31182,-2273,-2281
MTR_501,20230609,344000,341847,9,343789,343798,211,-1942,-1951
MTR_501,20230610,312000,298551,8,299776,299784,12224,-1225,-1233
MTR_501,20230611,35000,34813,2,34973,34975,27,-160,-162
MTR_501,20230612,551000,420800,9,408947,408956,142053,11853,11844
MTR_501,20230613,269000,267555,4,268808,268812,192,-1253,-1257
MTR_501,20230614,366000,346048,5,346665,346670,19335,-617,-622
MTR_501,20230615,393000,390694,6,392752,392758,248,-2058,-2064
MTR_501,20230616,428000,410308,13,412777,412790,15223,-2469,-2482
MTR_501,20230617,354000,351305,4,353750,353754,250,-2445,-2449
MTR_501,20230618,16000,15915,0,15988,15988,12,-73,-73
MTR_501,20230619,326100,302435,6,303828,303834,22272,-1393,-1399
MTR_501,20230620,357000,331123,1,332766,332767,24234,-1643,-1644
MTR_501,20230621,427000,412413,5,414730,414735,12270,-2317,-2322
MTR_501,20230622,421000,399636,13,402729,402742,18271,-3093,-3106
MTR_501,20230623,534000,455145,14,458700,458714,75300,-3555,-3569
MTR_501,20230624,424000,368844,7,391591,391598,32409,-22747,-22754
MTR_501,20230625,49000,48577,3,48961,48964,39,-384,-387
MTR_501,20230626,584000,508527,16,536315,536331,47685,-27788,-27804
MTR_501,20230627,454000,401154,11,419913,419924,34087,-18759,-18770
MTR_501,20230628,582000,495174,8,519136,519144,62864,-23962,-23970
MTR_501,20230630,186000,163260,3,166412,166415,19588,-3152,-3155
MTR_501,20230701,246000,213809,6,225552,225558,20448,-11743,-11749
MTR_501,20230702,35000,34642,0,34975,34975,25,-333,-333
MTR_501,20230703,411000,378887,6,399097,399103,11903,-20210,-20216
MTR_501,20230704,479000,420655,10,450285,450295,28715,-29630,-29640
MTR_501,20230705,318000,298937,7,304009,304016,13991,-5072,-5079
MTR_501,20230706,362000,320725,8,336756,336764,25244,-16031,-16039
MTR_501,20230707,349000,332617,8,342045,342053,6955,-9428,-9436
MTR_501,20230708,344000,331521,8,338821,338829,5179,-7300,-7308
MTR_501,20230709,19000,18803,0,18987,18987,13,-184,-184
MTR_501,20230710,409000,377045,3,390528,390531,18472,-13483,-13486
MTR_501,20230711,572000,427299,16,440887,440903,131113,-13588,-13604
MTR_501,20230712,564000,518379,1,551091,551092,12909,-32712,-32713
MTR_501,20230713,1071000,355763,16,376234,376250,694766,-20471,-20487
MTR_501,20230714,1067000,402262,7,406900,406907,660100,-4638,-4645
MTR_501,20230715,669000,290258,9,292823,292832,376177,-2565,-2574
MTR_501,20230716,72000,71322,1,71962,71963,38,-640,-641
MTR_501,20230717,1110000,494031,25,512471,512496,597529,-18440,-18465
MTR_501,20230718,810000,507814,22,537986,538008,272014,-30172,-30194
MTR_501,20230719,405000,372462,4,385998,386002,19002,-13536,-13540
MTR_502,20210927,31000,30747,2,87887,87889,-56887,-57140,-57142
MTR_502,20210928,107000,102137,9993,102899,112892,4101,-762,-10755
MTR_502,20210929,124200,123134,9,123938,123947,262,-804,-813
MTR_502,20210930,71000,67385,3,65270,65273,5730,2115,2112
MTR_502,20211001,88000,81226,0,81907,81907,6093,-681,-681
MTR_502,20211002,40000,39622,2,39946,39948,54,-324,-326
MTR_502,20211004,138000,128779,5,129874,129879,8126,-1095,-1100
MTR_502,20211005,98100,65460,4,65929,65933,32171,-469,-473
MTR_502,20211006,120200,116075,2,116979,116981,3221,-904,-906
MTR_502,20211007,133100,127859,1,128995,128996,4105,-1136,-1137
MTR_502,20211008,144000,139639,3,140878,140881,3122,-1239,-1242
MTR_502,20211009,96100,95162,-1,95945,95944,155,-783,-782
MTR_502,20211011,130200,120979,-1,121981,121980,8219,-1002,-1001
MTR_502,20211012,95150,94216,2,95025,95027,125,-809,-811
MTR_502,20211013,67000,66320,89931,66963,156894,37,-643,-90574
MTR_502,20211014,131000,125727,43948,124171,168119,6829,1556,-42392
MTR_502,20211015,182100,152584,2,153938,153940,28162,-1354,-1356
MTR_502,20211016,60000,56462,1,56928,56929,3072,-466,-467
MTR_502,20211017,4000,3963,8,3996,4004,4,-33,-41
MTR_502,20211018,189000,183059,50,183821,183871,5179,-762,-812
MTR_502,20211019,31000,30845,2,30957,30959,43,-112,-114
MTR_502,20211020,104300,103681,5,104088,104093,212,-407,-412
MTR_502,20211021,111000,107350,0,107876,107876,3124,-526,-526
MTR_502,20211022,71000,68580,1,68937,68938,2063,-357,-358
MTR_502,20211023,95000,88471,1,88899,88900,6101,-428,-429
MTR_502,20211024,44200,43932,2,44111,44113,89,-179,-181
MTR_502,20211025,137000,110295,8,110903,110911,26097,-608,-616
MTR_502,20211026,107000,98358,3,98916,98919,8084,-558,-561
MTR_502,20211027,100000,99334,51,99902,99953,98,-568,-619
MTR_502,20211028,127000,126133,1,126882,126883,118,-749,-750
MTR_502,20211029,72000,71505,11,71909,71920,91,-404,-415
MTR_502,20211030,110000,107226,1,107855,107856,2145,-629,-630
MTR_502,20211031,12000,11908,0,11989,11989,11,-81,-81
MTR_502,20211101,92000,91295,1,91911,91912,89,-616,-617
MTR_502,20211102,89100,88423,1,88991,88992,109,-568,-569
MTR_502,20211103,77000,74468,2,74901,74903,2099,-433,-435
MTR_502,20211104,100100,99448,-1,99965,99964,135,-517,-516
MTR_502,20211105,90000,89468,0,92904,92904,-2904,-3436,-3436
MTR_502,20211106,106000,90511,14,87895,87909,18105,2616,2602
MTR_502,20211107,30100,29966,0,30073,30073,27,-107,-107
MTR_502,20211108,119100,113615,1,113936,113937,5164,-321,-322
MTR_502,20211109,30000,29874,-2,29956,29954,44,-82,-80
MTR_502,20211110,54000,53783,1,53933,53934,67,-150,-151
MTR_502,20211111,85000,84663,2,84907,84909,93,-244,-246
MTR_502,20211112,114000,103581,3,103899,103902,10101,-318,-321
MTR_502,20211113,72000,69722,2,69920,69922,2080,-198,-200
MTR_502,20211114,24000,11949,1,11984,11985,12016,-35,-36
MTR_502,20211115,93100,87738,0,88899,88899,4201,-1161,-1161
MTR_502,20211116,44000,43822,1,43962,43963,38,-140,-141
MTR_502,20211117,118000,106572,2,106907,106909,11093,-335,-337
MTR_502,20211118,101100,93760,1,93985,93986,7115,-225,-226
MTR_502,20211119,194100,189418,1,189933,189934,4167,-515,-516
MTR_502,20211120,95000,82703,-3,82910,82907,12090,-207,-204
MTR_502,20211121,5000,4985,1,4994,4995,6,-9,-10
MTR_502,20211122,116000,115652,3,115865,115868,135,-213,-216
MTR_502,20211123,62000,54855,0,54943,54943,7057,-88,-88
MTR_502,20211124,121000,110797,1,110884,110885,10116,-87,-88
MTR_502,20211125,113000,112743,1,112887,112888,113,-144,-145
MTR_502,20211126,88000,87789,0,87918,87918,82,-129,-129
MTR_502,20211127,72000,59884,3,59917,59920,12083,-33,-36
MTR_502,20211129,61000,48951,3,48939,48942,12061,12,9
MTR_502,20211130,85000,82915,1,82937,82938,2063,-22,-23
MTR_502,20211201,71000,68947,3,68925,68928,2075,22,19
MTR_502,20211202,131100,131022,0,130918,130918,182,104,104
MTR_502,20211203,56000,55991,-1,58920,58919,-2920,-2929,-2928
MTR_502,20211204,105000,99997,0,99864,99864,5136,133,133
MTR_502,20211205,35100,35095,0,35031,35031,69,64,64
MTR_502,20211206,65100,65099,2,61976,61978,3124,3123,3121
MTR_502,20211207,55000,55004,1,54935,54936,65,69,68
MTR_502,20211208,66000,63000,0,62923,62923,3077,77,77
MTR_502,20211209,85000,70014,-1,69922,69921,15078,92,93
MTR_502,20211210,89000,85004,0,84912,84912,4088,92,92
MTR_502,20211211,82000,72998,0,72934,72934,9066,64,64
MTR_502,20211212,5000,4999,0,4995,4995,5,4,4
MTR_502,20211213,79000,61983,1,61946,61947,17054,37,36
MTR_502,20211214,49100,49076,1,48947,48948,153,129,128
MTR_502,20211215,68000,63960,0,63924,63924,4076,36,36
MTR_502,20211216,97000,86937,0,86920,86920,10080,17,17
MTR_502,20211217,80100,71047,3,71027,71030,9073,20,17
MTR_502,20211218,60000,54958,10,54948,54958,5052,10,0
MTR_502,20211219,3000,2997,0,2995,2995,5,2,2
MTR_502,20211220,98100,96001,2,96009,96011,2091,-8,-10
MTR_502,20211221,139100,123978,2,123942,123944,15158,36,34
MTR_502,20211222,184100,149930,4,149934,149938,34166,-4,-8
MTR_502,20211223,202000,190796,5,190852,190857,11148,-56,-61
MTR_502,20211224,140100,114982,-3,114765,114762,25335,217,220
MTR_502,20211225,55000,49942,1,49934,49935,5066,8,7
MTR_502,20211226,4000,3993,0,3994,3994,6,-1,-1
MTR_502,20211227,135000,123775,2,123862,123864,11138,-87,-89
MTR_502,20211228,110000,77834,5,77909,77914,32091,-75,-80
MTR_502,20211229,130000,125740,0,125856,125856,4144,-116,-116
MTR_502,20211230,95000,94823,0,94887,94887,113,-64,-64
MTR_502,20211231,165000,143779,0,143816,143816,21184,-37,-37
MTR_502,20220101,157100,89000,-1,88990,88989,68110,10,11
MTR_502,20220102,8000,3999,0,3996,3996,4004,3,3
MTR_502,20220103,70000,69985,2,69922,69924,78,63,61
MTR_502,20220104,112120,102079,-1,102004,102003,10116,75,76
MTR_502,20220105,135000,116990,3,116857,116860,18143,133,130
MTR_502,20220106,93000,92995,0,92900,92900,100,95,95
MTR_502,20220107,124000,124029,-2,123817,123815,183,212,214
MTR_502,20220108,50000,44009,2,43955,43957,6045,54,52
MTR_502,20220109,8000,8001,0,7987,7987,13,14,14
MTR_502,20220110,109000,105039,1,104902,104903,4098,137,136
MTR_502,20220111,87000,80080,1,79930,79931,7070,150,149
MTR_502,20220112,118100,109004,3,106815,106818,11285,2189,2186
MTR_502,20220113,91000,88528,0,87907,87907,3093,621,621
MTR_502,20220114,80000,74438,-1,73933,73932,6067,505,506
MTR_502,20220115,136100,123749,-1,121065,121064,15035,2684,2685
MTR_502,20220117,65000,65283,-1,64927,64926,73,356,357
MTR_502,20220118,65000,65243,0,64929,64929,71,314,314
MTR_502,20220119,100000,92313,-2,91922,91920,8078,391,393
MTR_502,20220120,119100,116462,3,115951,115954,3149,511,508
MTR_502,20220121,72000,68196,3,67928,67931,4072,268,265
MTR_502,20220122,61000,61160,1,60942,60943,58,218,217
MTR_502,20220123,27000,27064,0,26980,26980,20,84,84
MTR_502,20220124,92000,85173,-1,84916,84915,7084,257,258
MTR_502,20220125,105000,97194,0,96910,96910,8090,284,284
MTR_502,20220126,65000,65119,1,64923,64924,77,196,195
MTR_502,20220127,67000,60098,-1,59933,59932,7067,165,166
MTR_502,20220128,62000,62081,2,61928,61930,72,153,151
MTR_502,20220129,72000,62066,0,61912,61912,10088,154,154
MTR_502,20220130,40000,40035,0,39973,39973,27,62,62
MTR_502,20220131,74000,74052,-2,78921,78919,-4921,-4869,-4867
MTR_502,20220201,81000,78049,2,77908,77910,3092,141,139
MTR_502,20220202,102100,87139,1,86950,86951,15150,189,188
MTR_502,20220203,70000,70027,0,69934,69934,66,93,93
MTR_502,20220204,71000,71025,0,65936,65936,5064,5089,5089
MTR_502,20220205,58000,56013,1,55937,55938,2063,76,75
MTR_502,20220206,24000,24002,0,23983,23983,17,19,19
MTR_502,20220207,86000,86000,2,85905,85907,95,95,93
MTR_502,20220208,87000,82998,3,82895,82898,4105,103,100
MTR_502,20220209,93000,92992,0,92900,92900,100,92,92
MTR_502,20220210,96000,95989,-2,95904,95902,96,85,87
MTR_502,20220211,141400,137381,0,137227,137227,4173,154,154
MTR_502,20220212,73100,73086,3,72981,72984,119,105,102
MTR_502,20220214,99000,96971,42,96879,96921,2121,92,50
MTR_502,20220215,123200,120170,129,119941,120070,3259,229,100
MTR_502,20220216,123100,116084,618,115920,116538,7180,164,-454
MTR_502,20220217,108000,103983,73,103895,103968,4105,88,15
MTR_502,20220218,105000,104970,558,104908,105466,92,62,-496
MTR_502,20220219,114300,104247,156,104087,104243,10213,160,4
MTR_502,20220220,55100,52070,2,52034,52036,3066,36,34
MTR_502,20220221,116000,115932,179,115870,116049,130,62,-117
MTR_502,20220222,66100,61058,39,60953,60992,5147,105,66
MTR_502,20220223,98000,92901,9,92922,92931,5078,-21,-30
MTR_502,20220224,112100,103995,131,103908,104039,8192,87,-44
MTR_502,20220225,144400,136264,91,136254,136345,8146,10,-81
MTR_502,20220226,86400,83331,45,83176,83221,3224,155,110
MTR_502,20220227,39100,39081,73,39072,39145,28,9,-64
MTR_502,20220228,163000,147946,224,147837,148061,15163,109,-115
MTR_502,20220301,166300,121217,173,87079,87252,79221,34138,33965
MTR_502,20220302,146200,146035,55,145905,145960,295,130,75
MTR_502,20220303,208200,202918,62,202952,203014,5248,-34,-96
MTR_502,20220304,166200,155055,2,154819,154821,11381,236,234
MTR_502,20220305,122000,121919,6,121871,121877,129,48,42
MTR_502,20220306,65100,65070,10,65016,65026,84,54,44
MTR_502,20220307,165100,154056,102,153871,153973,11229,185,83
MTR_502,20220308,110000,98968,91,98896,98987,11104,72,-19
MTR_502,20220309,126000,122966,19,122859,122878,3141,107,88
MTR_502,20220310,95600,95541,79,95307,95386,293,234,155
MTR_502,20220311,161100,150991,253,150947,151200,10153,44,-209
MTR_502,20220312,84000,77942,4,77929,77933,6071,13,9
MTR_502,20220313,25000,24981,190,24967,25157,33,14,-176
MTR_502,20220314,147100,144005,86,143861,143947,3239,144,58
MTR_502,20220315,144100,133070,169,132930,133099,11170,140,-29
MTR_502,20220316,125100,125136,128,124901,125029,199,235,107
MTR_502,20220317,82000,70026,100,69905,70005,12095,121,21
MTR_502,20220318,107100,101121,86,100890,100976,6210,231,145
MTR_502,20220319,109000,98004,192,97878,98070,11122,126,-66
MTR_502,20220320,24000,23995,24,23978,24002,22,17,-7
MTR_502,20220321,203200,158141,-1,158179,158178,45021,-38,-37
MTR_502,20220322,75200,73175,-1,72961,72960,2239,214,215
MTR_502,20220323,127000,126928,4,126864,126868,136,64,60
MTR_502,20220324,77000,76976,8,76905,76913,95,71,63
MTR_502,20220325,87100,87102,20,86988,87008,112,114,94
MTR_502,20220326,88000,85015,-2,84909,84907,3091,106,108
MTR_502,20220327,37100,37096,0,37057,37057,43,39,39
MTR_502,20220328,128000,127954,2,127865,127867,135,89,87
MTR_502,20220329,113000,112952,-1,112893,112892,107,59,60
MTR_502,20220330,196100,184001,2,183872,183874,12228,129,127
MTR_502,20220331,165100,164998,15,164919,164934,181,79,64
MTR_502,20220401,114000,113905,1,113907,113908,93,-2,-3
MTR_502,20220402,75000,74975,-1,74919,74918,81,56,57
MTR_502,20220403,5000,4996,0,4998,4998,2,-2,-2
MTR_502,20220404,38000,38005,49092,37966,87058,34,39,-49053
MTR_502,20220405,91100,91155,1,91008,91009,92,147,146
MTR_502,20220406,40000,40024,0,47949,47949,-7949,-7925,-7925
MTR_502,20220407,122000,115046,-1,106890,106889,15110,8156,8157
MTR_502,20220408,93000,88011,2,87905,87907,5095,106,104
MTR_502,20220409,69000,64992,12,64931,64943,4069,61,49
MTR_502,20220411,121000,102848,1,102908,102909,18092,-60,-61
MTR_502,20220412,61000,57899,-1,57951,57950,3049,-52,-51
MTR_502,20220413,36000,35941,0,35959,35959,41,-18,-18
MTR_502,20220414,103000,98813,-1,98908,98907,4092,-95,-94
MTR_502,20220415,83000,82822,129,82929,83058,71,-107,-236
MTR_502,20220416,93220,92984,360,93041,93401,179,-57,-417
MTR_502,20220418,114200,113782,127,114076,114203,124,-294,-421
MTR_502,20220419,86100,73821,181,76942,77123,9158,-3121,-3302
MTR_502,20220420,152100,151563,128,148905,149033,3195,2658,2530
MTR_502,20220421,229000,228209,48,228783,228831,217,-574,-622
MTR_502,20220422,61000,60814,29,60914,60943,86,-100,-129
MTR_502,20220423,5000,4973,0,4998,4998,2,-25,-25
MTR_502,20220424,114000,113341,4,113875,113879,125,-534,-538
MTR_502,20220425,118100,117425,64,117950,118014,150,-525,-589
MTR_502,20220426,153100,141275,75,141902,141977,11198,-627,-702
MTR_502,20220427,171100,156187,34,156927,156961,14173,-740,-774
MTR_502,20220428,192100,168117,183,168889,169072,23211,-772,-955
MTR_502,20220429,168100,151219,122,151884,152006,16216,-665,-787
MTR_502,20220501,39000,38773,1,38985,38986,15,-212,-213
MTR_502,20220503,147100,146248,49,146937,146986,163,-689,-738
MTR_502,20220504,189200,173188,133,173987,174120,15213,-799,-932
MTR_502,20220505,144000,143166,231,143853,144084,147,-687,-918
MTR_502,20220506,124000,117317,214,117867,118081,6133,-550,-764
MTR_502,20220507,80100,79636,152,79967,80119,133,-331,-483
MTR_502,20220508,48000,47721,41,47972,48013,28,-251,-292
MTR_502,20220509,162100,156187,28,156883,156911,5217,-696,-724
MTR_502,20220510,160000,151121,71,151861,151932,8139,-740,-811
MTR_502,20220511,164000,163052,25,163835,163860,165,-783,-808
MTR_502,20220512,217100,198936,61,199899,199960,17201,-963,-1024
MTR_502,20220513,136000,128253,68,128843,128911,7157,-590,-658
MTR_502,20220514,169100,151219,125,151869,151994,17231,-650,-775
MTR_502,20220515,59000,58657,15,58974,58989,26,-317,-332
MTR_502,20220516,118200,98624,75,98980,99055,19220,-356,-431
MTR_502,20220517,182150,170159,41,171019,171060,11131,-860,-901
MTR_502,20220518,105000,104390,197,109893,110090,-4893,-5503,-5700
MTR_502,20220519,112100,102502,69,97926,97995,14174,4576,4507
MTR_502,20220520,117100,106478,92,106973,107065,10127,-495,-587
MTR_502,20220521,130400,119702,98,120094,120192,10306,-392,-490
MTR_502,20220522,34100,33901,0,34047,34047,53,-146,-146
MTR_502,20220523,162000,140184,60,140879,140939,21121,-695,-755
MTR_502,20220524,112200,111550,74,112023,112097,177,-473,-547
MTR_502,20220525,190120,173109,16,179706,179722,10414,-6597,-6613
MTR_502,20220526,79300,78842,25,79072,79097,228,-230,-255
MTR_502,20220527,147100,141277,15,141913,141928,5187,-636,-651
MTR_502,20220528,72100,66712,26,67022,67048,5078,-310,-336
MTR_502,20220530,138300,137496,16,138046,138062,254,-550,-566
MTR_502,20220531,138000,129246,147,129842,129989,8158,-596,-743
MTR_502,20220601,294000,193866,17,194814,194831,99186,-948,-965
MTR_502,20220602,114100,95540,16,95959,95975,18141,-419,-435
MTR_502,20220603,137000,118308,155,118857,119012,18143,-549,-704
MTR_502,20220604,67000,66612,6,66922,66928,78,-310,-316
MTR_502,20220605,59100,32907,2,33041,33043,26059,-134,-136
MTR_502,20220606,127100,123382,183,123884,124067,3216,-502,-685
MTR_502,20220607,123000,122286,197,122883,123080,117,-597,-794
MTR_502,20220608,92000,80529,51,80894,80945,11106,-365,-416
MTR_502,20220609,153200,145353,46,146012,146058,7188,-659,-705
MTR_502,20220610,127000,126265,19,126882,126901,118,-617,-636
MTR_502,20220611,71000,64622,33,64931,64964,6069,-309,-342
MTR_502,20220612,37100,36884,25,37020,37045,80,-136,-161
MTR_502,20220613,173000,149128,55,149838,149893,23162,-710,-765
MTR_502,20220614,136100,135309,46,135902,135948,198,-593,-639
MTR_502,20220615,87000,86495,160,86900,87060,100,-405,-565
MTR_502,20220616,102100,85601,120,85989,86109,16111,-388,-508
MTR_502,20220617,173150,156240,28,156987,157015,16163,-747,-775
MTR_502,20220618,87000,86494,2,86910,86912,90,-416,-418
MTR_502,20220619,34000,33802,0,33997,33997,3,-195,-195
MTR_502,20220620,145000,140184,43,140868,140911,4132,-684,-727
MTR_502,20220621,151000,142172,3,142848,142851,8152,-676,-679
MTR_502,20220622,49000,43744,3,43943,43946,5057,-199,-202
MTR_502,20220623,106100,101507,1,101995,101996,4105,-488,-489
MTR_502,20220624,112200,111549,1,112088,112089,112,-539,-540
MTR_502,20220625,82000,81526,2,81896,81898,104,-370,-372
MTR_502,20220626,33000,32808,0,32973,32973,27,-165,-165
MTR_502,20220627,11000,10936,10,10983,10993,17,-47,-57
MTR_502,20220701,63000,62636,19,62921,62940,79,-285,-304
MTR_502,20220702,120000,119305,6,119881,119887,119,-576,-582
MTR_502,20220703,33000,32808,0,32978,32978,22,-170,-170
MTR_502,20220704,87000,81525,1,81906,81907,5094,-381,-382
MTR_502,20220705,157000,136208,11,136839,136850,20161,-631,-642
MTR_502,20220706,106000,105385,18,105888,105906,112,-503,-521
MTR_502,20220707,191205,180153,7,176184,176191,15021,3969,3962
MTR_502,20220708,154000,144158,7,144816,144823,9184,-658,-665
MTR_502,20220709,57000,56670,12,56943,56955,57,-273,-285
MTR_502,20220711,40100,39867,7,39974,39981,126,-107,-114
MTR_502,20220712,75000,74568,11,74921,74932,79,-353,-364
MTR_502,20220713,109000,103400,21,103877,103898,5123,-477,-498
MTR_502,20220714,58000,57664,1,57918,57919,82,-254,-255
MTR_502,20220715,161000,150123,7,150866,150873,10134,-743,-750
MTR_502,20220716,149000,133225,69,133834,133903,15166,-609,-678
MTR_502,20220717,30000,29826,4,29974,29978,26,-148,-152
MTR_502,20220718,203000,199836,26,200810,200836,2190,-974,-1000
MTR_502,20220719,135100,117415,38,117865,117903,17235,-450,-488
MTR_502,20220720,196000,184924,50,185817,185867,10183,-893,-943
MTR_502,20220721,116000,109363,3011,109883,112894,6117,-520,-3531
MTR_502,20220722,141000,134219,25,134876,134901,6124,-657,-682
MTR_502,20220723,165000,152114,13,152848,152861,12152,-734,-747
MTR_502,20220724,12000,11931,0,11887,11887,113,44,44
MTR_502,20220725,86000,85500,203,85858,86061,142,-358,-561
MTR_502,20220726,71000,70588,2,70920,70922,80,-332,-334
MTR_502,20220727,128000,121295,266,121871,122137,6129,-576,-842
MTR_502,20220728,84000,79537,23,79914,79937,4086,-377,-400
MTR_502,20220729,138000,137199,48,137835,137883,165,-636,-684
MTR_502,20220730,75000,74564,9,74897,74906,103,-333,-342
MTR_502,20220731,30000,29825,0,29970,29970,30,-145,-145
MTR_502,20220801,108000,104391,101,104853,104954,3147,-462,-563
MTR_502,20220802,145000,144159,37,144823,144860,177,-664,-701
MTR_502,20220803,181000,164046,43,164804,164847,16196,-758,-801
MTR_502,20220804,145000,126263,28,126884,126912,18116,-621,-649
MTR_502,20220805,209100,207886,159,215744,215903,-6644,-7858,-8017
MTR_502,20220806,123200,116521,432,109950,110382,13250,6571,6139
MTR_502,20220807,41000,40763,126,40957,41083,43,-194,-320
MTR_502,20220808,184000,160068,162,160833,160995,23167,-765,-927
MTR_502,20220809,105000,99422,128,99902,100030,5098,-480,-608
MTR_502,20220810,102200,99618,134,99948,100082,2252,-330,-464
MTR_502,20220811,135100,128353,35,128877,128912,6223,-524,-559
MTR_502,20220812,106000,94451,172,94895,95067,11105,-444,-616
MTR_502,20220813,123000,115329,121,115869,115990,7131,-540,-661
MTR_502,20220814,70000,65619,236,65942,66178,4058,-323,-559
MTR_502,20220815,123000,112346,66,112869,112935,10131,-523,-589
MTR_502,20220816,199000,193872,124,189930,190054,9070,3942,3818
MTR_502,20220817,109220,105600,188,106063,106251,3157,-463,-651
MTR_502,20220818,209000,207788,93,208844,208937,156,-1056,-1149
MTR_502,20220819,151000,142171,229,142873,143102,8127,-702,-931
MTR_502,20220820,109000,108368,98,108882,108980,118,-514,-612
MTR_502,20220821,31000,30821,1,30964,30965,36,-143,-144
MTR_502,20220822,128000,127257,135,127870,128005,130,-613,-748
MTR_502,20220823,135000,134219,64,134856,134920,144,-637,-701
MTR_502,20220824,142000,131233,62,131844,131906,10156,-611,-673
MTR_502,20220825,174100,163149,58,163882,163940,10218,-733,-791
MTR_502,20220826,81000,76553,334,76892,77226,4108,-339,-673
MTR_502,20220827,121000,115329,77,115862,115939,5138,-533,-610
MTR_502,20220828,65100,64722,23,65005,65028,95,-283,-306
MTR_502,20220829,102000,101409,31,101862,101893,138,-453,-484
MTR_502,20220830,105000,97433,318,97860,98178,7140,-427,-745
MTR_502,20220831,60000,57666,327,57909,58236,2091,-243,-570
MTR_502,20220901,58000,53688,108,53936,54044,4064,-248,-356
MTR_502,20220902,206100,197942,141,198842,198983,7258,-900,-1041
MTR_502,20220903,108100,107473,198,107910,108108,190,-437,-635
MTR_502,20220904,76000,75558,20,75966,75986,34,-408,-428
MTR_502,20220905,194100,192975,20,193832,193852,268,-857,-877
MTR_502,20220906,168200,167224,30,167954,167984,246,-730,-760
MTR_502,20220907,141100,124373,359,124904,125263,16196,-531,-890
MTR_502,20220908,89000,88484,0,88893,88893,107,-409,-409
MTR_502,20220909,94000,93455,0,93898,93898,102,-443,-443
MTR_502,20220910,128000,111351,37,111881,111918,16119,-530,-567
MTR_502,20220911,66000,65616,0,65981,65981,19,-365,-365
MTR_502,20220912,128100,123378,104,123951,124055,4149,-573,-677
MTR_502,20220913,76000,75560,10,75912,75922,88,-352,-362
MTR_502,20220914,64000,63632,1,63918,63919,82,-286,-287
MTR_502,20220915,64000,63628,2,63938,63940,62,-310,-312
MTR_502,20220916,83000,74563,37167,80928,118095,2072,-6365,-43532
MTR_502,20220917,154000,117315,5,115853,115858,38147,1462,1457
MTR_502,20220918,136100,43843,10,44019,44029,92081,-176,-186
MTR_502,20220919,116000,97431,6,93901,93907,22099,3530,3524
MTR_502,20220920,205800,135611,9,129889,129898,75911,5722,5713
MTR_502,20220921,112000,99422,6,99879,99885,12121,-457,-463
MTR_502,20220922,158000,125270,31,125878,125909,32122,-608,-639
MTR_502,20220923,189000,179953,38,180838,180876,8162,-885,-923
MTR_502,20220924,174000,146149,2,146862,146864,27138,-713,-715
MTR_502,20220926,180100,125368,1,125960,125961,54140,-592,-593
MTR_502,20220927,195000,69597,14,69919,69933,125081,-322,-336
MTR_502,20220928,99000,93455,3062,93914,96976,5086,-459,-3521
MTR_502,20220929,110100,97531,146,97961,98107,12139,-430,-576
MTR_502,20220930,82000,69593,2,69925,69927,12075,-332,-334
MTR_502,20221001,155000,102437,58937,102874,161811,52126,-437,-59374
MTR_502,20221004,155000,122732,31971,123868,155839,31132,-1136,-33107
MTR_502,20221005,111000,109887,2001,110892,112893,108,-1005,-3006
MTR_502,20221006,212000,186059,9,187856,187865,24144,-1797,-1806
MTR_502,20221007,82000,81150,21969,81928,103897,72,-778,-22747
MTR_502,20221008,120000,104940,5,105887,105892,14113,-947,-952
MTR_502,20221010,139000,107895,5,108908,108913,30092,-1013,-1018
MTR_502,20221011,153000,147491,2,148873,148875,4127,-1382,-1384
MTR_502,20221012,118000,100256,1,100872,100873,17128,-616,-617
MTR_502,20221013,164000,129023,4,134958,134962,29042,-5935,-5939
MTR_502,20221014,218000,123087,4,123873,123877,94127,-786,-790
MTR_502,20221015,158300,151185,4,152044,152048,6256,-859,-863
MTR_502,20221017,91000,84378,0,84918,84918,6082,-540,-540
MTR_502,20221018,89000,83383,0,83904,83904,5096,-521,-521
MTR_502,20221019,39000,35737,1,35956,35957,3044,-219,-220
MTR_502,20221020,7000,4961,98997,4991,103988,2009,-30,-99027
MTR_502,20221021,82000,69502,2,69922,69924,12078,-420,-422
MTR_502,20221022,116000,89357,2,89929,89931,26071,-572,-574
MTR_502,20221024,185000,104212,8,104915,104923,80085,-703,-711
MTR_502,20221025,88000,75462,4,75919,75923,12081,-457,-461
MTR_502,20221026,196000,116188,9,116882,116891,79118,-694,-703
MTR_502,20221027,111000,86379,5,86908,86913,24092,-529,-534
MTR_502,20221028,65000,64542,3,64936,64939,64,-394,-397
MTR_502,20221029,148000,123132,4,123869,123873,24131,-737,-741
MTR_502,20221030,32000,31780,-1,31979,31978,21,-199,-198
MTR_502,20221031,130000,124145,4,124862,124866,5138,-717,-721
MTR_502,20221101,55000,54625,2,54923,54925,77,-298,-300
MTR_502,20221102,180100,162023,6,162965,162971,17135,-942,-948
MTR_502,20221103,94000,69548,4,69921,69925,24079,-373,-377
MTR_502,20221104,135100,129293,2,129947,129949,5153,-654,-656
MTR_502,20221105,66000,59632,1,59945,59946,6055,-313,-314
MTR_502,20221106,34100,33871,1,34048,34049,52,-177,-178
MTR_502,20221107,167100,99523,10,100002,100012,67098,-479,-489
MTR_502,20221108,203100,101512,10,101991,102001,101109,-479,-489
MTR_502,20221109,127000,67623,19,67962,67981,59038,-339,-358
MTR_502,20221110,152000,139261,2,139927,139929,12073,-666,-668
MTR_502,20221111,185000,149122,0,149894,149894,35106,-772,-772
MTR_502,20221112,102848,90393,2,90763,90765,12085,-370,-372
MTR_502,20221113,67100,66762,0,67086,67086,14,-324,-324
MTR_502,20221114,105100,98615,-1,98988,98987,6112,-373,-372
MTR_502,20221115,107000,82585,2,82938,82940,24062,-353,-355
MTR_502,20221116,176000,109461,7,109928,109935,66072,-467,-474
MTR_502,20221117,215900,204901,4,197930,197934,17970,6971,6967
MTR_502,20221118,229200,174410,7,175026,175033,54174,-616,-623
MTR_502,20221119,31000,30873,2,30969,30971,31,-96,-98
MTR_502,20221120,68100,67860,0,68054,68054,46,-194,-194
MTR_502,20221121,144000,119587,13,119902,119915,24098,-315,-328
MTR_502,20221122,121100,120687,1,120982,120983,118,-295,-296
MTR_502,20221123,98000,97660,2,97934,97936,66,-274,-276
MTR_502,20221124,118100,109734,0,101701,101701,16399,8033,8033
MTR_502,20221125,123100,113532,0,113969,113969,9131,-437,-437
MTR_502,20221126,61000,60693,0,60924,60924,76,-231,-231
MTR_502,20221128,60000,59726,2,59934,59936,66,-208,-210
MTR_502,20221129,62000,49789,0,49951,49951,12049,-162,-162
MTR_502,20221130,220100,111675,9,112036,112045,108064,-361,-370
MTR_502,20221201,103100,90787,2,83978,83980,19122,6809,6807
MTR_502,20221202,137300,122915,4,123129,123133,14171,-214,-218
MTR_502,20221203,311000,176502,10,176886,176896,134114,-384,-394
MTR_502,20221204,146100,87860,-2,88022,88020,58078,-162,-160
MTR_502,20221205,246000,91760,23,91910,91933,154090,-150,-173
MTR_502,20221206,161100,158702,-1,158967,158966,2133,-265,-264
MTR_502,20221207,243120,189635,3,189994,189997,53126,-359,-362
MTR_502,20221208,126000,120674,1,120914,120915,5086,-240,-241
MTR_502,20221209,137322,116989,3,111922,111925,25400,5067,5064
MTR_502,20221210,98000,91735,3,91917,91920,6083,-182,-185
MTR_502,20221211,110200,92970,2,93069,93071,17131,-99,-101
MTR_502,20221212,88000,58847,91,58939,59030,29061,-92,-183
MTR_502,20221213,179200,70994,63,71127,71190,108073,-133,-196
MTR_502,20221214,57100,56917,298,56946,57244,154,-29,-327
MTR_502,20221215,86000,81763,5,81956,81961,4044,-193,-198
MTR_502,20221216,281000,130679,36,130885,130921,150115,-206,-242
MTR_502,20221217,173100,115827,35,115972,116007,57128,-145,-180
MTR_502,20221218,15000,14969,388,14982,15370,18,-13,-401
MTR_502,20221219,102000,77843,59,77923,77982,24077,-80,-139
MTR_502,20221220,163000,95807,6,95931,95937,67069,-124,-130
MTR_502,20221221,54000,47897,8,47951,47959,6049,-54,-62
MTR_502,20221222,129000,111753,9,111931,111940,17069,-178,-187
MTR_502,20221223,135200,107896,5361,108000,113361,27200,-104,-5465
MTR_502,20221224,83100,70970,324,70977,71301,12123,-7,-331
MTR_502,20221225,133100,99894,1,100165,100166,32935,-271,-272
MTR_502,20221226,139000,78843,13,78912,78925,60088,-69,-82
MTR_502,20221227,135000,134728,122,134927,135049,73,-199,-321
MTR_502,20221228,114000,109812,14,109906,109920,4094,-94,-108
MTR_502,20221229,200000,107855,138,107913,108051,92087,-58,-196
MTR_502,20221230,94000,71908,97,71921,72018,22079,-13,-110
MTR_502,20221231,63000,58934,2,58928,58930,4072,6,4
MTR_502,20230101,125200,123018,3,126085,126088,-885,-3067,-3070
MTR_502,20230102,197100,185765,38,185927,185965,11173,-162,-200
MTR_502,20230103,225000,141717,160,141911,142071,83089,-194,-354
MTR_502,20230104,36000,35940,2,35950,35952,50,-10,-12
MTR_502,20230105,172200,113985,0,114046,114046,58154,-61,-61
MTR_502,20230106,149100,142933,1,142951,142952,6149,-18,-19
MTR_502,20230107,76000,75988,1,75922,75923,78,66,65
MTR_502,20230108,186300,118092,44,118098,118142,68202,-6,-50
MTR_502,20230109,163300,150914,181,151097,151278,12203,-183,-364
MTR_502,20230110,192000,186610,211,186930,187141,5070,-320,-531
MTR_502,20230111,173000,104832,173,104966,105139,68034,-134,-307
MTR_502,20230112,134100,109976,6,109997,110003,24103,-21,-27
MTR_502,20230113,121000,94936,-1,94928,94927,26072,8,9
MTR_502,20230114,27000,26981,3,26974,26977,26,7,4
MTR_502,20230115,67000,66885,1,66993,66994,7,-108,-109
MTR_502,20230116,63000,62984,1,62947,62948,53,37,36
MTR_502,20230117,126100,124065,2,125979,125981,121,-1914,-1916
MTR_502,20230118,98100,83088,0,80985,80985,17115,2103,2103
MTR_502,20230119,76000,73030,-2,72910,72908,3090,120,122
MTR_502,20230120,142100,122154,0,122019,122019,20081,135,135
MTR_502,20230121,89000,46017,1,45944,45945,43056,73,72
MTR_502,20230122,92000,84975,2,84967,84969,7033,8,6
MTR_502,20230123,166100,166188,1,165965,165966,135,223,222
MTR_502,20230124,93000,93124,1,92929,92930,71,195,194
MTR_502,20230125,112100,112297,1,112035,112036,65,262,261
MTR_502,20230126,190100,157453,0,156950,156950,33150,503,503
MTR_502,20230127,186000,186426,-1,185888,185887,112,538,539
MTR_502,20230128,47000,40103,2,39960,39962,7040,143,141
MTR_502,20230129,34100,34169,0,34040,34040,60,129,129
MTR_502,20230130,246100,171607,2,170949,170951,75151,658,656
MTR_502,20230131,78000,71158,0,70958,70958,7042,200,200
MTR_502,20230201,103100,98257,0,98017,98017,5083,240,240
MTR_502,20230202,157100,157410,1,154925,154926,2175,2485,2484
MTR_502,20230203,134000,130231,124,129899,130023,4101,332,208
MTR_502,20230204,78000,73135,28,72919,72947,5081,216,188
MTR_502,20230205,118400,118509,53,118482,118535,-82,27,-26
MTR_502,20230206,95400,95450,7,61022,61029,34378,34428,34421
MTR_502,20230207,111100,100215,77,99969,100046,11131,246,169
MTR_502,20230208,186100,186318,76,185909,185985,191,409,333
MTR_502,20230209,104100,104249,17,104041,104058,59,208,191
MTR_502,20230210,134200,132309,5,131973,131978,2227,336,331
MTR_502,20230211,36000,33055,92,32965,33057,3035,90,-2
MTR_502,20230212,118200,118308,2,118118,118120,82,190,188
MTR_502,20230213,94100,94195,141,93978,94119,122,217,76
MTR_502,20230214,63000,58066,123,57992,58115,5008,74,-49
MTR_502,20230215,137200,132356,549,131985,132534,5215,371,-178
MTR_502,20230216,136100,136246,2,135946,135948,154,300,298
MTR_502,20230217,237100,196289,42,195983,196025,41117,306,264
MTR_502,20230218,76000,73060,7,72924,72931,3076,136,129
MTR_502,20230219,52100,52128,1,52024,52025,76,104,103
MTR_502,20230220,259100,207186,275,206897,207172,52203,289,14
MTR_502,20230221,203200,196244,146,195963,196109,7237,281,135
MTR_502,20230222,251600,247616,85,247314,247399,4286,302,217
MTR_502,20230223,200200,197220,-1,196993,196992,3207,227,228
MTR_502,20230224,155100,155155,96,154935,155031,165,220,124
MTR_502,20230225,94000,90071,30,89873,89903,4127,198,168
MTR_502,20230226,81100,81166,21,81011,81032,89,155,134
MTR_502,20230227,151000,143134,11,142849,142860,8151,285,274
MTR_502,20230228,94100,94186,141,93960,94101,140,226,85
MTR_502,20230301,229100,213343,27,212887,212914,16213,456,429
MTR_502,20230302,163000,155169,25,154798,154823,8202,371,346
MTR_502,20230303,238000,238217,31,237736,237767,264,481,450
MTR_502,20230304,122000,122137,179,121859,122038,141,278,99
MTR_502,20230305,58100,54141,13,54016,54029,4084,125,112
MTR_502,20230306,231320,215483,40,214988,215028,16332,495,455
MTR_502,20230307,184100,178172,13,177911,177924,6189,261,248
MTR_502,20230308,175320,175191,53,175094,175147,226,97,44
MTR_502,20230309,194360,189145,38,188989,189027,5371,156,118
MTR_502,20230310,186300,184139,17,184031,184048,2269,108,91
MTR_502,20230311,103000,102863,155,102885,103040,115,-22,-177
MTR_502,20230312,84200,81943,5,82109,82114,2091,-166,-171
MTR_502,20230313,158000,152689,4,152991,152995,5009,-302,-306
MTR_502,20230314,225100,182704,93,182891,182984,42209,-187,-280
MTR_502,20230315,146100,145788,182,115995,116177,30105,29793,29611
MTR_502,20230316,203000,202342,77,202862,202939,138,-520,-597
MTR_502,20230317,209000,183420,42,183875,183917,25125,-455,-497
MTR_502,20230318,76000,75789,21,75893,75914,107,-104,-125
MTR_502,20230319,339200,100852,95,101147,101242,238053,-295,-390
MTR_502,20230320,141200,137774,18,137973,137991,3227,-199,-217
MTR_502,20230321,237120,236406,5,236925,236930,195,-519,-524
MTR_502,20230322,80100,79827,212,79927,80139,173,-100,-312
MTR_502,20230323,149120,148620,161,149012,149173,108,-392,-553
MTR_502,20230324,165200,164647,4,164998,165002,202,-351,-355
MTR_502,20230325,124100,121684,123,121942,122065,2158,-258,-381
MTR_502,20230326,81100,80827,25,80997,81022,103,-170,-195
MTR_502,20230327,173400,172763,85,173133,173218,267,-370,-455
MTR_502,20230328,85100,84790,5,84980,84985,120,-190,-195
MTR_502,20230329,39000,38860,63,38942,39005,58,-82,-145
MTR_502,20230330,110100,109682,4,109953,109957,147,-271,-275
MTR_502,20230331,91100,90745,319,90966,91285,134,-221,-540
MTR_502,20230401,87120,81788,8,82044,82052,5076,-256,-264
MTR_502,20230402,69100,68804,0,69015,69015,85,-211,-211
MTR_502,20230403,196100,185256,153,185951,186104,10149,-695,-848
MTR_502,20230404,145000,111538,144,111926,112070,33074,-388,-532
MTR_502,20230405,327200,136640,200,137003,137203,190197,-363,-563
MTR_502,20230406,122000,119538,85,119915,120000,2085,-377,-462
MTR_502,20230407,110000,99621,-1,99900,99899,10100,-279,-278
MTR_502,20230408,35000,32883,145,32971,33116,2029,-88,-233
MTR_502,20230409,161320,96923,58,97217,97275,64103,-294,-352
MTR_502,20230410,101000,96585,44,96941,96985,4059,-356,-400
MTR_502,20230411,162120,158356,9,159019,159028,3101,-663,-672
MTR_502,20230412,95000,89605,2,89921,89923,5079,-316,-318
MTR_502,20230413,108000,107539,18,107927,107945,73,-388,-406
MTR_502,20230414,166100,163448,1,163929,163930,2171,-481,-482
MTR_502,20230415,78000,70704,92,69532,69624,8468,1172,1080
MTR_502,20230416,106220,85811,8,86201,86209,20019,-390,-398
MTR_502,20230417,108100,101639,8,101882,101890,6218,-243,-251
MTR_502,20230418,45000,44789,-1,44957,44956,43,-168,-167
MTR_502,20230419,224100,220108,8,220834,220842,3266,-726,-734
MTR_502,20230420,199200,195271,41,195980,196021,3220,-709,-750
MTR_502,20230421,103000,92550,7,92909,92916,10091,-359,-366
MTR_502,20230423,153420,122738,80,123256,123336,30164,-518,-598
MTR_502,20230424,85000,81368,16,81887,81903,3113,-519,-535
MTR_502,20230425,116180,115512,-1,116040,116039,140,-528,-527
MTR_502,20230426,203000,196816,72,197785,197857,5215,-969,-1041
MTR_502,20230427,189100,187852,2,188945,188947,155,-1093,-1095
MTR_502,20230428,227100,206640,41,207976,208017,19124,-1336,-1377
MTR_502,20230429,90200,89577,9,89917,89926,283,-340,-349
MTR_502,20230430,207500,104411,8,105063,105071,102437,-652,-660
MTR_502,20230501,113220,112364,11,113097,113108,123,-733,-744
MTR_502,20230502,177000,175725,20,176856,176876,144,-1131,-1151
MTR_502,20230503,171100,104304,-65973,170981,105008,119,-66677,-704
MTR_502,20230504,206300,192809,2,193994,193996,12306,-1185,-1187
MTR_502,20230505,152320,151127,11,152051,152062,269,-924,-935
MTR_502,20230506,84000,62512,2,62941,62943,21059,-429,-431
MTR_502,20230507,175200,163838,-1,165071,165070,10129,-1233,-1232
MTR_502,20230508,177000,171613,52,172892,172944,4108,-1279,-1331
MTR_502,20230509,103000,94219,43,94940,94983,8060,-721,-764
MTR_502,20230510,117100,116077,9,116976,116985,124,-899,-908
MTR_502,20230511,150000,148710,170,149641,149811,359,-931,-1101
MTR_502,20230512,114000,104121,-4984,109879,104895,4121,-5758,-774
MTR_502,20230513,81000,80326,32,80900,80932,100,-574,-606
MTR_502,20230515,88000,87235,4,87740,87744,260,-505,-509
MTR_502,20230516,195000,167540,16,168832,168848,26168,-1292,-1308
MTR_502,20230517,118100,114147,28,114967,114995,3133,-820,-848
MTR_502,20230518,98000,92242,6,92903,92909,5097,-661,-667
MTR_502,20230519,169120,157833,23,166025,166048,3095,-8192,-8215
MTR_502,20230520,48000,47624,163,47939,48102,61,-315,-478
MTR_502,20230521,66000,65512,104,63340,63444,2660,2172,2068
MTR_502,20230522,204000,188700,114,189527,189641,14473,-827,-941
MTR_502,20230523,90000,89420,16,89904,89920,96,-484,-500
MTR_502,20230524,133000,132160,48,132889,132937,111,-729,-777
MTR_502,20230525,96000,85406,6,85915,85921,10085,-509,-515
MTR_502,20230526,163000,159829,187,160870,161057,2130,-1041,-1228
MTR_502,20230527,110000,105259,23,105912,105935,4088,-653,-676
MTR_502,20230528,85100,66611,8,67025,67033,18075,-414,-422
MTR_502,20230529,144000,134980,19,135888,135907,8112,-908,-927
MTR_502,20230530,187000,182515,14,183861,183875,3139,-1346,-1360
MTR_502,20230531,115100,111198,17,111944,111961,3156,-746,-763
MTR_502,20230601,142000,134913,20,135840,135860,6160,-927,-947
MTR_502,20230602,162100,152698,7,153985,153992,8115,-1287,-1294
MTR_502,20230603,57000,56513,7,56914,56921,86,-401,-408
MTR_502,20230604,67200,66478,0,67174,67174,26,-696,-696
MTR_502,20230605,155100,143806,21,144925,144946,10175,-1119,-1140
MTR_502,20230606,115100,114025,65,115020,115085,80,-995,-1060
MTR_502,20230607,54000,53513,27,53937,53964,63,-424,-451
MTR_502,20230608,52000,44597,1,44954,44955,7046,-357,-358
MTR_502,20230609,163000,161555,4,162906,162910,94,-1351,-1355
MTR_502,20230610,58000,54507,10,54954,54964,3046,-447,-457
MTR_502,20230611,64200,63626,0,64152,64152,48,-526,-526
MTR_502,20230612,116100,112686,41,112058,112099,4042,628,587
MTR_502,20230613,136000,125606,6,126910,126916,9090,-1304,-1310
MTR_502,20230614,102000,98878,24,100417,100441,1583,-1539,-1563
MTR_502,20230615,144000,105581,19,106946,106965,37054,-1365,-1384
MTR_502,20230616,159100,157052,4,158919,158923,181,-1867,-1871
MTR_502,20230617,100000,98834,26,99876,99902,124,-1042,-1068
MTR_502,20230618,66000,65139,0,65985,65985,15,-846,-846
MTR_502,20230619,127000,125469,17,126904,126921,96,-1435,-1452
MTR_502,20230620,114000,112618,17,113924,113941,76,-1306,-1323
MTR_502,20230621,154100,143385,30,144964,144994,9136,-1579,-1609
MTR_502,20230622,93000,89909,13,90894,90907,2106,-985,-998
MTR_502,20230623,206100,187686,20,189870,189890,16230,-2184,-2204
MTR_502,20230624,129000,120475,7,121871,121878,7129,-1396,-1403
MTR_502,20230625,70000,68956,24,69965,69989,35,-1009,-1033
MTR_502,20230626,175100,164590,17,166910,166927,8190,-2320,-2337
MTR_502,20230627,218000,211612,29,214883,214912,3117,-3271,-3300
MTR_502,20230628,122100,114523,17,115931,115948,6169,-1408,-1425
MTR_502,20230630,53100,52268,5,52987,52992,113,-719,-724
MTR_502,20230701,82000,80912,16,81902,81918,98,-990,-1006
MTR_502,20230702,57000,50184,1,50969,50970,6031,-785,-786
MTR_502,20230703,134000,129152,3,130863,130866,3137,-1711,-1714
MTR_502,20230704,151000,144924,11,149335,149346,1665,-4411,-4422
MTR_502,20230705,191000,188233,4,190859,190863,141,-2626,-2630
MTR_502,20230706,176100,164802,15,166964,166979,9136,-2162,-2177
MTR_502,20230707,187000,184441,34,186865,186899,135,-2424,-2458
MTR_502,20230708,116000,114423,5,115861,115866,139,-1438,-1443
MTR_502,20230709,117000,115126,0,116931,116931,69,-1805,-1805
MTR_502,20230710,186000,170310,16,172832,172848,13168,-2522,-2538
MTR_502,20230711,73000,71875,5,72931,72936,69,-1056,-1061
MTR_502,20230712,106000,104183,26,105878,105904,122,-1695,-1721
MTR_502,20230713,469000,180514,58,182858,182916,286142,-2344,-2402
MTR_502,20230714,198000,108211,10,109886,109896,88114,-1675,-1685
MTR_502,20230715,105000,91625,0,92901,92901,12099,-1276,-1276
MTR_502,20230716,36000,35530,-1,35964,35963,36,-434,-433
MTR_502,20230717,390000,133889,29,135866,135895,254134,-1977,-2006
MTR_502,20230718,204000,181058,5,183839,183844,20161,-2781,-2786
MTR_502,20230719,100000,98362,2,99893,99895,107,-1531,-1533
MTR_503,20210927,204000,202282,5004,421724,426728,-217724,-219442,-224446
MTR_503,20210928,487000,453188,34982,443692,478674,43308,9496,-25486
MTR_503,20210929,453000,436347,9,432936,432945,20064,3411,3402
MTR_503,20210930,638000,615869,5,614758,614763,23242,1111,1106
MTR_503,20211001,397000,367939,6,352766,352772,44234,15173,15167
MTR_503,20211002,249000,246953,-2,248765,248763,235,-1812,-1810
MTR_503,20211003,13000,12894,1,12993,12994,7,-99,-100
MTR_503,20211004,504000,482128,8,485411,485419,18589,-3283,-3291
MTR_503,20211005,406000,396883,8,399655,399663,6345,-2772,-2780
MTR_503,20211006,440000,391951,14,394680,394694,45320,-2729,-2743
MTR_503,20211007,429000,398922,5,401669,401674,27331,-2747,-2752
MTR_503,20211008,447100,435758,12,438796,438808,8304,-3038,-3050
MTR_503,20211009,385000,358258,4005,360689,364694,24311,-2431,-6436
MTR_503,20211011,493000,445605,8,448654,448662,44346,-3049,-3057
MTR_503,20211012,507000,503174,8,506590,506598,410,-3416,-3424
MTR_503,20211013,119000,118112,293784,118931,412715,69,-819,-294603
MTR_503,20211014,454000,186609,218833,202733,421566,251267,-16124,-234957
MTR_503,20211015,715000,613499,17,617460,617477,97540,-3961,-3978
MTR_503,20211016,373000,336574,5,323738,323743,49262,12836,12831
MTR_503,20211017,10000,9929,1,9991,9992,9,-62,-63
MTR_503,20211018,391000,373363,6,375707,375713,15293,-2344,-2350
MTR_503,20211019,213000,202571,5,203846,203851,9154,-1275,-1280
MTR_503,20211020,269000,260168,2,261809,261811,7191,-1641,-1643
MTR_503,20211021,384000,364472,3,366701,366704,17299,-2229,-2232
MTR_503,20211022,416000,384385,6518,383214,389732,32786,1171,-5347
MTR_503,20211023,309000,306966,4,308776,308780,224,-1810,-1814
MTR_503,20211024,12000,11922,0,11995,11995,5,-73,-73
MTR_503,20211025,433000,374585,6,376718,376724,56282,-2133,-2139
MTR_503,20211026,419000,389540,8,391690,391698,27310,-2150,-2158
MTR_503,20211027,395000,387583,4,389656,389660,5344,-2073,-2077
MTR_503,20211028,538000,488981,15,483732,483747,54268,5249,5234
MTR_503,20211029,551000,524807,11,527673,527684,23327,-2866,-2877
MTR_503,20211030,519000,500974,6,503600,503606,15400,-2626,-2632
MTR_503,20211031,21000,20873,0,20980,20980,20,-107,-107
MTR_503,20211101,417100,404643,10,406600,406610,10500,-1957,-1967
MTR_503,20211102,421000,388651,6,376669,376675,44331,11982,11976
MTR_503,20211103,392000,372807,5,374686,374691,17314,-1879,-1884
MTR_503,20211104,402000,399748,8,401695,401703,305,-1947,-1955
MTR_503,20211105,446000,427713,5009,436718,441727,9282,-9005,-14014
MTR_503,20211106,440000,424840,1,419647,419648,20353,5193,5192
MTR_503,20211107,36000,35827,0,35967,35967,33,-140,-140
MTR_503,20211108,474000,443015,8,440698,440706,33302,2317,2309
MTR_503,20211109,408000,395299,3,396685,396688,11315,-1386,-1389
MTR_503,20211110,452000,442147,5,443659,443664,8341,-1512,-1517
MTR_503,20211111,496000,480057,6,481648,481654,14352,-1591,-1597
MTR_503,20211112,619000,577686,12,579547,579559,39453,-1861,-1873
MTR_503,20211113,436000,413377,8001,414713,422714,21287,-1336,-9337
MTR_503,20211114,68000,67736,1,67941,67942,59,-205,-206
MTR_503,20211115,541000,512047,6,516488,516494,24512,-4441,-4447
MTR_503,20211116,523000,489175,2,488677,488679,34323,498,496
MTR_503,20211117,474000,440403,7,439639,439646,34361,764,757
MTR_503,20211118,374000,341833,5,337716,337721,36284,4117,4112
MTR_503,20211119,493000,471437,8,472606,472614,20394,-1169,-1177
MTR_503,20211120,404000,394766,-1,395675,395674,8325,-909,-908
MTR_503,20211121,54000,43872,-1,43965,43964,10035,-93,-92
MTR_503,20211122,653000,493625,13,494067,494080,158933,-442,-455
MTR_503,20211123,430000,406949,1,407587,407588,22413,-638,-639
MTR_503,20211124,509376,476568,10,468648,468658,40728,7920,7910
MTR_503,20211125,432000,407119,5,407678,407683,24322,-559,-564
MTR_503,20211126,472000,463093,5,463660,463665,8340,-567,-572
MTR_503,20211127,450000,401321,8,401708,401716,48292,-387,-395
MTR_503,20211129,415000,367538,5,367664,367669,47336,-126,-131
MTR_503,20211130,307000,306651,5,306732,306737,268,-81,-86
MTR_503,20211201,462000,439556,16,439617,439633,22383,-61,-77
MTR_503,20211202,403000,399633,15,399627,399642,3373,6,-9
MTR_503,20211203,465000,428687,6008,436140,442148,28860,-7453,-13461
MTR_503,20211204,489000,459728,8,459656,459664,29344,72,64
MTR_503,20211205,62000,61963,1,61948,61949,52,15,14
MTR_503,20211206,523000,488729,12,478656,478668,44344,10073,10061
MTR_503,20211207,448000,422815,8,422692,422700,25308,123,115
MTR_503,20211208,498000,465787,9,465727,465736,32273,60,51
MTR_503,20211209,416000,383869,3997,392689,396686,23311,-8820,-12817
MTR_503,20211210,430000,398883,-3988,385611,381623,44389,13272,17260
MTR_503,20211211,397000,383870,8,383686,383694,13314,184,176
MTR_503,20211212,14000,13995,0,13988,13988,12,7,7
MTR_503,20211213,367000,359876,8,359749,359757,7251,127,119
MTR_503,20211214,387000,374935,4,374659,374663,12341,276,272
MTR_503,20211215,389000,366885,4,366682,366686,22318,203,199
MTR_503,20211216,444319,419126,0,409682,409682,34637,9444,9444
MTR_503,20211217,453000,417770,3,417690,417693,35310,80,77
MTR_503,20211218,467000,460725,7,455508,455515,11492,5217,5210
MTR_503,20211219,61000,50966,2,50958,50960,10042,8,6
MTR_503,20211220,564993,487661,9,480562,480571,84431,7099,7090
MTR_503,20211221,557000,504680,15,504534,504549,52466,146,131
MTR_503,20211222,527000,520624,3,520572,520575,6428,52,49
MTR_503,20211223,500000,473482,6,476574,476580,23426,-3092,-3098
MTR_503,20211224,560200,523343,7,527555,527562,32645,-4212,-4219
MTR_503,20211225,349000,337073,3,339710,339713,9290,-2637,-2640
MTR_503,20211226,13000,12897,0,12990,12990,10,-93,-93
MTR_503,20211227,465000,430694,4,433634,433638,31366,-2940,-2944
MTR_503,20211228,373000,342494,10,338229,338239,34771,4265,4255
MTR_503,20211229,449000,396244,3,398679,398682,50321,-2435,-2438
MTR_503,20211230,585000,557341,9,560556,560565,24444,-3215,-3224
MTR_503,20211231,647000,598288,10,601602,601612,45398,-3314,-3324
MTR_503,20220101,326000,324154,2,325741,325743,259,-1587,-1589
MTR_503,20220102,34000,27853,0,27981,27981,6019,-128,-128
MTR_503,20220103,463000,460800,1,462643,462644,357,-1843,-1844
MTR_503,20220104,555000,506765,5,507118,507123,47882,-353,-358
MTR_503,20220105,523679,482719,6,475665,475671,48014,7054,7048
MTR_503,20220106,559095,514181,10,507620,507630,51475,6561,6551
MTR_503,20220107,601000,569059,9,567041,567050,33959,2018,2009
MTR_503,20220108,451084,419639,7,407712,407719,43372,11927,11920
MTR_503,20220109,18000,17942,1,17983,17984,17,-41,-42
MTR_503,20220110,554000,522447,5,523440,523445,30560,-993,-998
MTR_503,20220111,397000,375965,5,376690,376695,20310,-725,-730
MTR_503,20220112,572000,562546,7,557115,557122,14885,5431,5424
MTR_503,20220113,570000,533729,8,534573,534581,35427,-844,-852
MTR_503,20220114,642000,617682,3,618502,618505,23498,-820,-823
MTR_503,20220115,599000,548921,7,540458,540465,58542,8463,8456
MTR_503,20220116,105000,104818,1,104873,104874,127,-55,-56
MTR_503,20220117,464000,446255,2,446646,446648,17354,-391,-393
MTR_503,20220118,420000,417378,2,417630,417632,2370,-252,-254
MTR_503,20220119,491000,471353,7,471632,471639,19368,-279,-286
MTR_503,20220120,427000,403494,6,403660,403666,23340,-166,-172
MTR_503,20220121,599000,564360,9,564499,564508,34501,-139,-148
MTR_503,20220122,448000,420581,8,420649,420657,27351,-68,-76
MTR_503,20220124,552000,527570,5,527587,527592,24413,-17,-22
MTR_503,20220125,466000,460676,-2,460666,460664,5334,10,12
MTR_503,20220126,424000,423747,0,419786,419786,4214,3961,3961
MTR_503,20220127,433000,432764,6,432696,432702,304,68,62
MTR_503,20220128,558000,536716,8,536605,536613,21395,111,103
MTR_503,20220129,584000,514725,8,507197,507205,76803,7528,7520
MTR_503,20220130,60000,51972,-1,51958,51957,8042,14,15
MTR_503,20220131,611000,610710,4999,630593,635592,-19593,-19883,-24882
MTR_503,20220201,434000,420808,3,410630,410633,23370,10178,10175
MTR_503,20220202,458000,442790,9,442648,442657,15352,142,133
MTR_503,20220203,524000,475785,0,475633,475633,48367,152,152
MTR_503,20220204,622000,577737,8,563599,563607,58401,14138,14130
MTR_503,20220205,409000,395812,8,395711,395719,13289,101,93
MTR_503,20220206,47000,46980,-2,46960,46958,40,20,22
MTR_503,20220207,518000,505758,7,505620,505627,12380,138,131
MTR_503,20220208,432000,408802,4,408688,408692,23312,114,110
MTR_503,20220209,456000,449790,7,449645,449652,6355,145,138
MTR_503,20220210,430000,424801,2,424640,424642,5360,161,159
MTR_503,20220211,499000,466787,2,466637,466639,32363,150,148
MTR_503,20220212,454000,438813,3,438696,438699,15304,117,114
MTR_503,20220213,47000,46984,0,46962,46962,38,22,22
MTR_503,20220214,611000,601738,3,601567,601570,9433,171,168
MTR_503,20220215,669000,631758,5,631408,631413,37592,350,345
MTR_503,20220216,493000,489835,8,489442,489450,3558,393,385
MTR_503,20220217,487000,479843,3,479585,479588,7415,258,255
MTR_503,20220218,513000,493827,2,493611,493613,19389,216,214
MTR_503,20220219,486805,378644,9,369712,369721,117093,8932,8923
MTR_503,20220221,451000,441802,3,441422,441425,9578,380,377
MTR_503,20220222,430000,395816,9,395681,395690,34319,135,126
MTR_503,20220223,523000,481736,9,481625,481634,41375,111,102
MTR_503,20220224,548000,504719,10,504437,504447,43563,282,272
MTR_503,20220225,642000,591686,7,591449,591456,50551,237,230
MTR_503,20220226,425000,413791,12,413596,413608,11404,195,183
MTR_503,20220227,31000,30987,0,30973,30973,27,14,14
MTR_503,20220228,618000,609779,9,609446,609455,8554,333,324
MTR_503,20220301,540000,480835,11,480614,480625,59386,221,210
MTR_503,20220302,468000,428852,5,428708,428713,39292,144,139
MTR_503,20220303,466000,427812,11,425370,425381,40630,2442,2431
MTR_503,20220304,604000,570760,9,570490,570499,33510,270,261
MTR_503,20220305,512000,469847,5,472620,472625,39380,-2773,-2778
MTR_503,20220306,34000,23993,2,23976,23978,10024,17,15
MTR_503,20220307,522000,500881,3,500622,500625,21378,259,256
MTR_503,20220308,511000,495885,4,495230,495234,15770,655,651
MTR_503,20220309,525000,497892,8,495674,495682,29326,2218,2210
MTR_503,20220310,472000,471864,3,471582,471585,418,282,279
MTR_503,20220311,601000,542825,1,542577,542578,58423,248,247
MTR_503,20220312,439000,394867,7,394676,394683,44324,191,184
MTR_503,20220313,64000,63973,1,63936,63937,64,37,36
MTR_503,20220314,564000,547780,6,547505,547511,16495,275,269
MTR_503,20220315,616400,576251,7,575952,575959,40448,299,292
MTR_503,20220316,444000,427991,2,427733,427735,16267,258,256
MTR_503,20220317,460000,425017,15,424675,424690,35325,342,327
MTR_503,20220318,569000,513989,5,513634,513639,55366,355,350
MTR_503,20220319,401000,394947,-1,394641,394640,6359,306,307
MTR_503,20220320,46000,45985,0,45969,45969,31,16,16
MTR_503,20220321,523000,490989,2,490630,490632,32370,359,357
MTR_503,20220322,494000,466958,8,466621,466629,27379,337,329
MTR_503,20220323,450000,442853,0,439260,439260,10740,3593,3593
MTR_503,20220324,442000,406121,5,405728,405733,36272,393,388
MTR_503,20220325,438000,422316,6,421728,421734,16272,588,582
MTR_503,20220326,398550,388807,-1,388242,388241,10308,565,566
MTR_503,20220327,29000,29008,-1,28971,28970,29,37,38
MTR_503,20220328,582000,541957,7,541528,541535,40472,429,422
MTR_503,20220329,441000,440937,0,440633,440633,367,304,304
MTR_503,20220330,514000,468941,8,468675,468683,45325,266,258
MTR_503,20220331,606000,588836,0,588536,588536,17464,300,300
MTR_503,20220401,543000,542788,6,542540,542546,460,248,242
MTR_503,20220402,504000,468009,11,467644,467655,36356,365,354
MTR_503,20220403,44000,43993,-1,43970,43969,30,23,24
MTR_503,20220404,458000,427125,4,426710,426714,31290,415,411
MTR_503,20220405,409000,406274,6,405717,405723,3283,557,551
MTR_503,20220406,287000,287204,4,295906,295910,-8906,-8702,-8706
MTR_503,20220407,462000,452238,-2,442488,442486,19512,9750,9752
MTR_503,20220408,484000,426113,5,425649,425654,58351,464,459
MTR_503,20220409,408000,376983,6,378687,378693,29313,-1704,-1710
MTR_503,20220410,17000,16999,0,16985,16985,15,14,14
MTR_503,20220411,484000,458793,6,458602,458608,25398,191,185
MTR_503,20220412,298000,290783,4,290735,290739,7265,48,44
MTR_503,20220413,316000,304835,0,304751,304751,11249,84,84
MTR_503,20220414,327000,320798,3,320725,320728,6275,73,70
MTR_503,20220415,463000,457613,13,457613,457626,5387,0,-13
MTR_503,20220416,420000,419481,7,419647,419654,353,-166,-173
MTR_503,20220418,529000,511880,10,512615,512625,16385,-735,-745
MTR_503,20220419,531000,485900,6008,496614,502622,34386,-10714,-16722
MTR_503,20220420,431597,425933,-5989,416282,410293,15315,9651,15640
MTR_503,20220421,798000,781797,9,782395,782404,15605,-598,-607
MTR_503,20220422,387000,386609,7,386690,386697,310,-81,-88
MTR_503,20220423,60000,14924,0,14993,14993,45007,-69,-69
MTR_503,20220424,402000,399080,2,401739,401741,261,-2659,-2661
MTR_503,20220425,434000,424950,3,427694,427697,6306,-2744,-2747
MTR_503,20220426,530000,498407,4,501633,501637,28367,-3226,-3230
MTR_503,20220427,555000,507344,2,510631,510633,44369,-3287,-3289
MTR_503,20220428,545000,531171,0,533216,533216,11784,-2045,-2045
MTR_503,20220429,495000,472596,7,475633,475640,19367,-3037,-3044
MTR_503,20220501,16000,15885,1,15991,15992,9,-106,-107
MTR_503,20220503,334000,331608,0,333767,333767,233,-2159,-2159
MTR_503,20220504,413000,406073,5,408686,408691,4314,-2613,-2618
MTR_503,20220505,496000,474579,8,477634,477642,18366,-3055,-3063
MTR_503,20220506,486000,475572,2,478665,478667,7335,-3093,-3095
MTR_503,20220507,350000,347497,9,349741,349750,259,-2244,-2253
MTR_503,20220508,57000,44677,1,44979,44980,12021,-302,-303
MTR_503,20220509,501000,468619,4,468682,468686,32318,-63,-67
MTR_503,20220510,511000,485500,5,488671,488676,22329,-3171,-3176
MTR_503,20220511,626000,577842,7,578979,578986,47021,-1137,-1144
MTR_503,20220512,594000,564932,6,568578,568584,25422,-3646,-3652
MTR_503,20220513,729000,704916,4,709497,709501,19503,-4581,-4585
MTR_503,20220514,687000,617551,14,622670,622684,64330,-5119,-5133
MTR_503,20220515,44000,43685,0,43959,43959,41,-274,-274
MTR_503,20220516,498000,477557,6,480692,480698,17308,-3135,-3141
MTR_503,20220517,503000,491457,9,494541,494550,8459,-3084,-3093
MTR_503,20220518,497000,481533,10001,489563,499564,7437,-8030,-18031
MTR_503,20220519,565000,527200,12,528317,528329,36683,-1117,-1129
MTR_503,20220520,650000,615566,10,619488,619498,30512,-3922,-3932
MTR_503,20220521,441000,409051,5,411640,411645,29360,-2589,-2594
MTR_503,20220522,31000,30778,-1,30973,30972,27,-195,-194
MTR_503,20220523,540000,522237,12,525539,525551,14461,-3302,-3314
MTR_503,20220524,580000,556988,7,560534,560541,19466,-3546,-3553
MTR_503,20220525,514000,473590,10,484247,484257,29753,-10657,-10667
MTR_503,20220526,409000,400115,-1,402700,402699,6300,-2585,-2584
MTR_503,20220527,555000,505356,5,508625,508630,46375,-3269,-3274
MTR_503,20220528,430000,408059,2,410686,410688,19314,-2627,-2629
MTR_503,20220529,11000,10922,1,10991,10992,9,-69,-70
MTR_503,20220530,482000,466637,9,469631,469640,12369,-2994,-3003
MTR_503,20220531,412000,385225,1,387658,387659,24342,-2433,-2434
MTR_503,20220601,662000,567904,13,571474,571487,90526,-3570,-3583
MTR_503,20220602,585000,522234,6,525579,525585,59421,-3345,-3351
MTR_503,20220603,717000,637403,7,641456,641463,75544,-4053,-4060
MTR_503,20220604,471000,420967,3,423687,423690,47313,-2720,-2723
MTR_503,20220605,16000,15885,0,15990,15990,10,-105,-105
MTR_503,20220606,672000,627478,9,631499,631508,40501,-4021,-4030
MTR_503,20220607,648000,624502,7,624508,624515,23492,-6,-13
MTR_503,20220608,577000,525213,-1,528587,528586,48413,-3374,-3373
MTR_503,20220609,556000,509330,2,512624,512626,43376,-3294,-3296
MTR_503,20220610,678000,649318,4,653484,653488,24516,-4166,-4170
MTR_503,20220611,385000,382245,7,384675,384682,325,-2430,-2437
MTR_503,20220612,11000,10922,0,10984,10984,16,-62,-62
MTR_503,20220613,637000,580818,-1,589499,589498,47501,-8681,-8680
MTR_503,20220614,641000,610598,-1,614503,614502,26497,-3905,-3904
MTR_503,20220615,779204,716041,0,723528,723528,55676,-7487,-7487
MTR_503,20220616,371000,352460,3,354774,354777,16226,-2314,-2317
MTR_503,20220617,490000,478551,2,481647,481649,8353,-3096,-3098
MTR_503,20220618,384567,372879,3,375672,375675,8895,-2793,-2796
MTR_503,20220620,393000,341537,3,343616,343619,49384,-2079,-2082
MTR_503,20220621,489000,449758,-3,456624,456621,32376,-6866,-6863
MTR_503,20220622,355000,315725,3,317298,317301,37702,-1573,-1576
MTR_503,20220623,272000,265092,4,266594,266598,5406,-1502,-1506
MTR_503,20220624,246100,244339,-1,245885,245884,215,-1546,-1545
MTR_503,20220625,359000,328632,4,330734,330738,28266,-2102,-2106
MTR_503,20220627,178000,176726,5,177769,177774,231,-1043,-1048
MTR_503,20220630,12000,11914,46265,12001,58266,-1,-87,-46352
MTR_503,20220701,459000,391181,5,394927,394932,64073,-3746,-3751
MTR_503,20220702,433000,429905,2,432878,432880,122,-2973,-2975
MTR_503,20220703,88000,82406,2,82966,82968,5034,-560,-562
MTR_503,20220704,436000,411041,4,413826,413830,22174,-2785,-2789
MTR_503,20220705,552000,517272,7,520823,520830,31177,-3551,-3558
MTR_503,20220706,477000,427917,1,430847,430848,46153,-2930,-2931
MTR_503,20220707,558000,525213,3,528836,528839,29164,-3623,-3626
MTR_503,20220708,548000,535142,1,538863,538864,9137,-3721,-3722
MTR_503,20220709,209000,207506,1,208940,208941,60,-1434,-1435
MTR_503,20220711,171119,152023,0,148966,148966,22153,3057,3057
MTR_503,20220712,244000,242254,4,243948,243952,52,-1694,-1698
MTR_503,20220713,195000,180699,3,181937,181940,13063,-1238,-1241
MTR_503,20220714,274000,263104,6,264922,264928,9078,-1818,-1824
MTR_503,20220715,269000,261117,3,262944,262947,6056,-1827,-1830
MTR_503,20220716,417000,404083,8,400894,400902,16106,3189,3181
MTR_503,20220717,17000,16879,1,16997,16998,3,-118,-119
MTR_503,20220718,507000,487486,6,490880,490886,16120,-3394,-3400
MTR_503,20220719,602000,565920,8,569908,569916,32092,-3988,-3996
MTR_503,20220720,562000,557979,5,561884,561889,116,-3905,-3910
MTR_503,20220721,427062,406135,6,405938,405944,21124,197,191
MTR_503,20220722,542000,500394,6,503834,503840,38166,-3440,-3446
MTR_503,20220723,523000,481532,5,484825,484830,38175,-3293,-3298
MTR_503,20220724,14000,13900,0,13995,13995,5,-95,-95
MTR_503,20220725,508000,476565,11,479826,479837,28174,-3261,-3272
MTR_503,20220726,538000,534154,5,537416,537421,584,-3262,-3267
MTR_503,20220727,472000,453733,4,456875,456879,15125,-3142,-3146
MTR_503,20220728,461000,450754,5,449048,449053,11952,1706,1701
MTR_503,20220729,452000,440822,4,443892,443896,8108,-3070,-3074
MTR_503,20220730,428000,417984,4,420927,420931,7073,-2943,-2947
MTR_503,20220801,692000,658258,4,665911,665915,26089,-7653,-7657
MTR_503,20220802,569000,554010,7,557813,557820,11187,-3803,-3810
MTR_503,20220803,670000,653296,6,657814,657820,12186,-4518,-4524
MTR_503,20220804,645000,602655,7,606800,606807,38200,-4145,-4152
MTR_503,20220805,586000,581809,1,598755,598756,-12755,-16946,-16947
MTR_503,20220806,622000,586768,10,577867,577877,44133,8901,8891
MTR_503,20220807,116000,115169,2,115975,115977,25,-806,-808
MTR_503,20220808,600000,542094,6,543904,543910,56096,-1810,-1816
MTR_503,20220809,583000,538122,7,541883,541890,41117,-3761,-3768
MTR_503,20220810,453000,424935,4,427688,427692,25312,-2753,-2757
MTR_503,20220811,493000,479542,2,482710,482712,10290,-3168,-3170
MTR_503,20220812,481000,451747,8,454800,454808,26200,-3053,-3061
MTR_503,20220813,385000,366361,5,368910,368915,16090,-2549,-2554
MTR_503,20220814,79000,72476,1,72971,72972,6029,-495,-496
MTR_503,20220815,476000,441815,3,444858,444861,31142,-3043,-3046
MTR_503,20220816,691000,678115,4,676784,676788,14216,1331,1327
MTR_503,20220817,661000,629465,5,633857,633862,27143,-4392,-4397
MTR_503,20220818,495100,475674,4,478974,478978,16126,-3300,-3304
MTR_503,20220819,616000,581811,3,585882,585885,30118,-4071,-4074
MTR_503,20220820,598000,564929,9,568863,568872,29137,-3934,-3943
MTR_503,20220821,62000,61556,-2,61978,61976,22,-422,-420
MTR_503,20220822,604000,599679,2,603801,603803,199,-4122,-4124
MTR_503,20220823,592000,575846,7,579807,579814,12193,-3961,-3968
MTR_503,20220824,523000,509326,0,512838,512838,10162,-3512,-3512
MTR_503,20220825,554000,523230,-1,522909,522908,31091,321,322
MTR_503,20220826,547000,537129,2,540879,540881,6121,-3750,-3752
MTR_503,20220827,455000,433876,7,433855,433862,21145,21,14
MTR_503,20220828,95000,94320,1,94968,94969,32,-648,-649
MTR_503,20220829,653600,642660,6,647241,647247,6359,-4581,-4587
MTR_503,20220830,609000,576844,3,581021,581024,27979,-4177,-4180
MTR_503,20220831,630000,595706,4,596900,596904,33100,-1194,-1198
MTR_503,20220901,411000,394161,-2,396883,396881,14117,-2722,-2720
MTR_503,20220902,600000,519257,6,522825,522831,77175,-3568,-3574
MTR_503,20220903,640000,528188,2,531852,531854,108148,-3664,-3666
MTR_503,20220904,26000,25814,0,25996,25996,4,-182,-182
MTR_503,20220905,507000,489473,0,492897,492897,14103,-3424,-3424
MTR_503,20220906,512000,498409,5,501897,501902,10103,-3488,-3493
MTR_503,20220907,447850,434716,8,437754,437762,10096,-3038,-3046
MTR_503,20220908,470530,438367,9,429922,429931,40608,8445,8436
MTR_503,20220909,474000,470608,9,472558,472567,1442,-1950,-1959
MTR_503,20220910,475000,453732,0,457512,457512,17488,-3780,-3780
MTR_503,20220911,17600,17474,2,16996,16998,604,478,476
MTR_503,20220912,485000,475571,5,478899,478904,6101,-3328,-3333
MTR_503,20220913,447000,443799,-1,446933,446932,67,-3134,-3133
MTR_503,20220914,406000,398132,3,400867,400870,5133,-2735,-2738
MTR_503,20220915,380000,375293,3,377873,377876,2127,-2580,-2583
MTR_503,20220916,585000,561950,4557,617608,622165,-32608,-55658,-60215
MTR_503,20220917,581100,537227,-4552,502095,497543,79005,35132,39684
MTR_503,20220918,24000,23828,0,23992,23992,8,-164,-164
MTR_503,20220919,634000,608613,10,597847,597857,36153,10766,10756
MTR_503,20220920,500000,488480,4,491857,491861,8143,-3377,-3381
MTR_503,20220921,599000,582794,8,583935,583943,15065,-1141,-1149
MTR_503,20220922,510000,499401,2,502899,502901,7101,-3498,-3500
MTR_503,20220923,626000,601666,-2,605792,605790,20208,-4126,-4124
MTR_503,20220924,367000,361395,2,363907,363909,3093,-2512,-2514
MTR_503,20220926,440000,400117,1,402924,402925,37076,-2807,-2808
MTR_503,20220927,330000,313739,1,315938,315939,14062,-2199,-2200
MTR_503,20220928,362000,329623,33990,331948,365938,30052,-2325,-36315
MTR_503,20220929,340000,334584,0,336909,336909,3091,-2325,-2325
MTR_503,20220930,324000,315726,1,317909,317910,6091,-2183,-2184
MTR_503,20221001,384000,352556,224957,354647,579604,29353,-2091,-227048
MTR_503,20221004,635000,623455,192952,627882,820834,7118,-4427,-197379
MTR_503,20221005,495000,465668,19998,468905,488903,26095,-3237,-23235
MTR_503,20221006,498000,485097,7,488831,488838,9169,-3734,-3741
MTR_503,20221007,454000,449820,122966,467875,590841,-13875,-18055,-141021
MTR_503,20221008,509000,483547,6,473862,473868,35138,9685,9679
MTR_503,20221010,402000,381468,13998,384892,398890,17108,-3424,-17422
MTR_503,20221011,452000,447933,3,451858,451861,142,-3925,-3928
MTR_503,20221012,623000,617502,3,622854,622857,146,-5352,-5355
MTR_503,20221013,649000,625485,3,626825,626828,22175,-1340,-1343
MTR_503,20221014,745000,734556,13,736868,736881,8132,-2312,-2325
MTR_503,20221015,614000,577114,8,585783,585791,28217,-8669,-8677
MTR_503,20221016,35000,34488,0,34990,34990,10,-502,-502
MTR_503,20221017,323000,304662,5,308909,308914,14091,-4247,-4252
MTR_503,20221018,442000,398490,7,403873,403880,38127,-5383,-5390
MTR_503,20221019,396000,355281,3,359910,359913,36090,-4629,-4632
MTR_503,20221020,84000,77017,467894,77977,545871,6023,-960,-468854
MTR_503,20221021,576000,537490,8,543861,543869,32139,-6371,-6379
MTR_503,20221022,366700,358943,8,361871,361879,4829,-2928,-2936
MTR_503,20221023,102000,96015,1,96962,96963,5038,-947,-948
MTR_503,20221024,520000,484052,8,488822,488830,31178,-4770,-4778
MTR_503,20221025,539000,525702,5,530849,530854,8151,-5147,-5152
MTR_503,20221026,589000,546624,5,551850,551855,37150,-5226,-5231
MTR_503,20221027,492000,466466,3,470867,470870,21133,-4401,-4404
MTR_503,20221028,549000,537958,9,538423,538432,10577,-465,-474
MTR_503,20221029,525000,515370,10,512876,512886,12124,2494,2484
MTR_503,20221030,76000,75336,3,75978,75981,22,-642,-645
MTR_503,20221031,729000,717093,10,722809,722819,6191,-5716,-5726
MTR_503,20221101,495000,490761,4,494858,494862,142,-4097,-4101
MTR_503,20221102,387000,383360,0,386899,386899,101,-3539,-3539
MTR_503,20221103,506000,471686,0,475849,475849,30151,-4163,-4163
MTR_503,20221104,480000,467893,4006,471889,475895,8111,-3996,-8002
MTR_503,20221105,358000,348047,4,350905,350909,7095,-2858,-2862
MTR_503,20221106,68000,63483,0,63985,63985,4015,-502,-502
MTR_503,20221107,470000,453463,7,456914,456921,13086,-3451,-3458
MTR_503,20221108,431000,410894,6,408912,408918,22088,1982,1976
MTR_503,20221109,300000,297894,1,299920,299921,80,-2026,-2027
MTR_503,20221110,342000,333728,1,335898,335899,6102,-2170,-2171
MTR_503,20221111,493000,489736,3,492850,492853,150,-3114,-3117
MTR_503,20221112,412000,409331,5,411892,411897,108,-2561,-2566
MTR_503,20221113,49000,48690,0,48986,48986,14,-296,-296
MTR_503,20221114,365000,322850,4,324905,324909,40095,-2055,-2059
MTR_503,20221115,260000,248242,1,249907,249908,10093,-1665,-1666
MTR_503,20221116,520000,510425,5,513851,513856,6149,-3426,-3431
MTR_503,20221117,489000,485652,2,488859,488861,141,-3207,-3209
MTR_503,20221118,469000,439089,0,441888,441888,27112,-2799,-2799
MTR_503,20221119,342000,332932,7,334913,334920,7087,-1981,-1988
MTR_503,20221120,13000,12924,1,12995,12996,5,-71,-72
MTR_503,20221121,498000,495243,3,497897,497900,103,-2654,-2657
MTR_503,20221122,499000,485302,3,487898,487901,11102,-2596,-2599
MTR_503,20221123,460000,430662,7,432959,432966,27041,-2297,-2304
MTR_503,20221124,469000,450633,7,449893,449900,19107,740,733
MTR_503,20221125,396000,389853,5,391850,391855,4150,-1997,-2002
MTR_503,20221126,406000,389754,5,391912,391917,14088,-2158,-2163
MTR_503,20221128,417000,402889,3,404903,404906,12097,-2014,-2017
MTR_503,20221129,337000,333427,6,334926,334932,2074,-1499,-1505
MTR_503,20221130,302000,277799,2,278967,278969,23033,-1168,-1170
MTR_503,20221201,409000,407363,5,408945,408950,55,-1582,-1587
MTR_503,20221202,466000,460368,1,457921,457922,8079,2447,2446
MTR_503,20221203,438000,426691,2,427872,427874,10128,-1181,-1183
MTR_503,20221204,82000,81756,1,81977,81978,23,-221,-222
MTR_503,20221205,519000,485606,3,486846,486849,32154,-1240,-1243
MTR_503,20221206,448000,427518,-1,423794,423793,24206,3724,3725
MTR_503,20221207,453000,441329,2,442905,442907,10095,-1576,-1578
MTR_503,20221208,418000,403494,4,404937,404941,13063,-1443,-1447
MTR_503,20221209,399428,369092,7,364911,364918,34517,4181,4174
MTR_503,20221210,372000,351756,0,352961,352961,19039,-1205,-1205
MTR_503,20221211,75000,74735,1,74992,74993,8,-257,-258
MTR_503,20221212,357000,341751,1,342892,342893,14108,-1141,-1142
MTR_503,20221213,383000,359501,2,350897,350899,32103,8604,8602
MTR_503,20221214,366000,361476,-1,362911,362910,3089,-1435,-1434
MTR_503,20221215,261000,256961,4,257943,257947,3057,-982,-986
MTR_503,20221216,522000,485201,3,486918,486921,35082,-1717,-1720
MTR_503,20221217,406000,404523,1,405928,405929,72,-1405,-1406
MTR_503,20221218,83000,74733,0,74996,74996,8004,-263,-263
MTR_503,20221219,607000,556937,11,558872,558883,48128,-1935,-1946
MTR_503,20221220,489000,450383,5,451908,451913,37092,-1525,-1530
MTR_503,20221221,543000,516254,1,517867,517868,25133,-1613,-1614
MTR_503,20221222,488000,472431,-1,473913,473912,14087,-1482,-1481
MTR_503,20221223,472000,443575,3,444941,444944,27059,-1366,-1369
MTR_503,20221224,463000,449586,5,450960,450965,12040,-1374,-1379
MTR_503,20221225,16000,15955,1,15999,16000,1,-44,-45
MTR_503,20221226,504000,473585,4,474961,474965,29039,-1376,-1380
MTR_503,20221227,322100,314136,4997,314997,319994,7103,-861,-5858
MTR_503,20221228,538000,532668,6,514504,514510,23496,18164,18158
MTR_503,20221229,578000,527791,3,532769,532772,45231,-4978,-4981
MTR_503,20221230,534000,501619,4,503898,503902,30102,-2279,-2283
MTR_503,20221231,291000,282921,2,283916,283918,7084,-995,-997
MTR_503,20230101,140000,121562,0,135968,135968,4032,-14406,-14406
MTR_503,20230102,462550,453228,2,453905,453907,8645,-677,-679
MTR_503,20230103,527000,525480,8,526907,526915,93,-1427,-1435
MTR_503,20230104,466000,445729,0,461889,461889,4111,-16160,-16160
MTR_503,20230105,491000,461693,3,447924,447927,43076,13769,13766
MTR_503,20230106,433000,428815,6,429947,429953,3053,-1132,-1138
MTR_503,20230107,348000,347113,5,347975,347980,25,-862,-867
MTR_503,20230108,119000,110722,0,110995,110995,8005,-273,-273
MTR_503,20230109,413000,375948,0,378987,378987,34013,-3039,-3039
MTR_503,20230110,348000,339954,4,340967,340971,7033,-1013,-1017
MTR_503,20230111,324000,309030,4,309987,309991,14013,-957,-961
MTR_503,20230112,328000,303087,6,303978,303984,24022,-891,-897
MTR_503,20230113,308000,287979,-2,287938,287936,20062,41,43
MTR_503,20230114,259000,246735,-1,246945,246944,12055,-210,-209
MTR_503,20230116,389000,370636,1,370937,370938,18063,-301,-302
MTR_503,20230117,314000,277744,5,289000,289005,25000,-11256,-11261
MTR_503,20230118,392000,378715,3,367949,367952,24051,10766,10763
MTR_503,20230119,438000,414228,5,413891,413896,24109,337,332
MTR_503,20230120,401000,369406,2,371834,371836,29166,-2428,-2430
MTR_503,20230121,419000,400894,5,400891,400896,18109,3,-2
MTR_503,20230122,47000,46982,1,46992,46993,8,-10,-11
MTR_503,20230123,360000,353967,7,353919,353926,6081,48,41
MTR_503,20230124,389000,374028,2,373946,373948,15054,82,80
MTR_503,20230125,345000,318227,0,317960,317960,27040,267,267
MTR_503,20230126,364000,356490,7,355917,355924,8083,573,566
MTR_503,20230127,380000,371408,1,370967,370968,9033,441,440
MTR_503,20230128,344000,331622,2,330972,330974,13028,650,648
MTR_503,20230129,33000,33114,-1,32996,32995,4,118,119
MTR_503,20230130,418000,393600,4,392895,392899,25105,705,701
MTR_503,20230131,374000,338423,10,339981,339991,34019,-1558,-1568
MTR_503,20230201,366000,348435,0,347949,347949,18051,486,486
MTR_503,20230202,344000,344391,3,343892,343895,108,499,496
MTR_503,20230203,342000,328387,4,327932,327936,14068,455,451
MTR_503,20230204,310000,286297,0,285931,285931,24069,366,366
MTR_503,20230205,65000,65069,-1,64977,64976,23,92,93
MTR_503,20230206,365000,365328,4,364887,364891,113,441,437
MTR_503,20230207,407000,369360,5,368922,368927,38078,438,433
MTR_503,20230208,314000,308433,2,307941,307943,6059,492,490
MTR_503,20230209,389000,389514,0,388866,388866,134,648,648
MTR_503,20230210,391000,379332,1,378886,378887,12114,446,445
MTR_503,20230211,257000,252243,0,251924,251924,5076,319,319
MTR_503,20230212,34000,34032,-1,33992,33991,8,40,41
MTR_503,20230213,309000,285237,3,284912,284915,24088,325,322
MTR_503,20230214,651000,307245,11,306945,306956,344055,300,289
MTR_503,20230215,363000,343330,3,342933,342936,20067,397,394
MTR_503,20230216,462000,454318,5,453908,453913,8092,410,405
MTR_503,20230217,370000,334207,3,333955,333958,36045,252,249
MTR_503,20230218,441000,401218,2,400922,400924,40078,296,294
MTR_503,20230219,49000,49023,0,48990,48990,10,33,33
MTR_503,20230220,391000,383151,4,382916,382920,8084,235,231
MTR_503,20230221,462000,453152,0,452907,452907,9093,245,245
MTR_503,20230222,442000,441363,1,441926,441927,74,-563,-564
MTR_503,20230223,348000,344101,3,344943,344946,3057,-842,-845
MTR_503,20230224,468000,457899,6,463890,463896,4110,-5991,-5997
MTR_503,20230225,490000,480993,5,471926,471931,18074,9067,9062
MTR_503,20230226,83000,76857,0,76972,76972,6028,-115,-115
MTR_503,20230227,446000,351389,7,351918,351925,94082,-529,-536
MTR_503,20230228,313000,294526,2,294916,294918,18084,-390,-392
MTR_503,20230301,597000,419429,9,414086,414095,182914,5343,5334
MTR_503,20230302,594000,535577,13,535887,535900,58113,-310,-323
MTR_503,20230303,570000,552714,7,548929,548936,21071,3785,3778
MTR_503,20230304,471000,457814,5,457981,457986,13019,-167,-172
MTR_503,20230305,85000,85027,2,84964,84966,36,63,61
MTR_503,20230306,606000,552852,8,552758,552766,53242,94,86
MTR_503,20230307,530000,372787,7,372908,372915,157092,-121,-128
MTR_503,20230308,365000,348715,1,348940,348941,16060,-225,-226
MTR_503,20230309,495000,484592,9,484912,484921,10088,-320,-329
MTR_503,20230310,437000,405712,6,405934,405940,31066,-222,-228
MTR_503,20230311,369000,358842,5,358955,358960,10045,-113,-118
MTR_503,20230312,116000,60964,2,60981,60983,55019,-17,-19
MTR_503,20230313,268000,253812,4,253932,253936,14068,-120,-124
MTR_503,20230314,424000,401649,6,401906,401912,22094,-257,-263
MTR_503,20230315,505000,504598,4,504874,504878,126,-276,-280
MTR_503,20230316,406000,389528,4,389903,389907,16097,-375,-379
MTR_503,20230317,471000,453692,11,454876,454887,16124,-1184,-1195
MTR_503,20230318,383000,381853,3,382879,382882,121,-1026,-1029
MTR_503,20230319,26000,25909,0,25993,25993,7,-84,-84
MTR_503,20230320,560000,518735,3,520817,520820,39183,-2082,-2085
MTR_503,20230321,543000,531720,3,533850,533853,9150,-2130,-2133
MTR_503,20230322,544000,533769,3,535869,535872,8131,-2100,-2103
MTR_503,20230323,418000,416298,-3,417942,417939,58,-1644,-1641
MTR_503,20230324,459000,445198,1,442908,442909,16092,2290,2289
MTR_503,20230325,375000,338180,6,338872,338878,36128,-692,-698
MTR_503,20230326,35000,34864,1,34982,34983,18,-118,-119
MTR_503,20230327,368000,349595,5,350910,350915,17090,-1315,-1320
MTR_503,20230328,276000,274953,8,275957,275965,43,-1004,-1012
MTR_503,20230329,257000,256078,8,256911,256919,89,-833,-841
MTR_503,20230330,303000,302263,5,302896,302901,104,-633,-638
MTR_503,20230331,326000,319223,5,319879,319884,6121,-656,-661
MTR_503,20230401,388000,372094,3,379891,379894,8109,-7797,-7800
MTR_503,20230402,64000,63840,-1,63981,63980,19,-141,-140
MTR_503,20230403,509000,493744,8,494829,494837,14171,-1085,-1093
MTR_503,20230404,525000,507538,4,506163,506167,18837,1375,1371
MTR_503,20230405,820000,371931,6,376911,376917,443089,-4980,-4986
MTR_503,20230406,383000,362975,3,363911,363914,19089,-936,-939
MTR_503,20230407,481000,461432,6,462930,462936,18070,-1498,-1504
MTR_503,20230408,190000,179429,3,138742,138745,51258,40687,40684
MTR_503,20230409,26000,16946,2,2511,2513,23489,14435,14433
MTR_503,20230410,220000,219274,4,219937,219941,63,-663,-667
MTR_503,20230411,400000,376757,4,377922,377926,22078,-1165,-1169
MTR_503,20230412,402000,380776,13,381934,381947,20066,-1158,-1171
MTR_503,20230413,370000,332171,8,332941,332949,37059,-770,-778
MTR_503,20230414,349000,337122,3,337970,337973,11030,-848,-851
MTR_503,20230415,267000,256238,6,253225,253231,13775,3013,3007
MTR_503,20230416,31000,25918,0,25990,25990,5010,-72,-72
MTR_503,20230417,312000,280402,2,275047,275049,36953,5355,5353
MTR_503,20230418,213000,211965,2,212932,212934,68,-967,-969
MTR_503,20230419,350000,338393,6,339905,339911,10095,-1512,-1518
MTR_503,20230420,345000,335274,3,336924,336927,8076,-1650,-1653
MTR_503,20230421,256000,236706,0,237923,237923,18077,-1217,-1217
MTR_503,20230423,53000,52718,0,52989,52989,11,-271,-271
MTR_503,20230424,317000,301399,2,302894,302896,14106,-1495,-1497
MTR_503,20230425,223000,215865,-2,216946,216944,6054,-1081,-1079
MTR_503,20230426,302000,298377,-1,299892,299891,2108,-1515,-1514
MTR_503,20230427,399000,381883,5,383887,383892,15113,-2004,-2009
MTR_503,20230428,429000,409724,2,411845,411847,17155,-2121,-2123
MTR_503,20230429,296000,294365,1,295937,295938,63,-1572,-1573
MTR_503,20230430,47000,46738,2,46991,46993,9,-253,-255
MTR_503,20230501,269000,264519,0,265937,265937,3063,-1418,-1418
MTR_503,20230502,460000,450438,3,452902,452905,7098,-2464,-2467
MTR_503,20230503,541000,531961,0,534903,534903,6097,-2942,-2942
MTR_503,20230504,545000,518201,-1,514841,514840,30159,3360,3361
MTR_503,20230505,416000,410534,3,411863,411866,4137,-1329,-1332
MTR_503,20230506,435000,415640,10,424851,424861,10149,-9211,-9221
MTR_503,20230507,43000,42537,0,42988,42988,12,-451,-451
MTR_503,20230508,314000,310693,8,313895,313903,105,-3202,-3210
MTR_503,20230509,500000,470096,5,474868,474873,25132,-4772,-4777
MTR_503,20230510,432000,422654,7,426890,426897,5110,-4236,-4243
MTR_503,20230511,403000,390071,9,388530,388539,14470,1541,1532
MTR_503,20230512,371000,351762,-15989,370940,354951,60,-19178,-3189
MTR_503,20230513,325000,322368,6,324900,324906,100,-2532,-2538
MTR_503,20230515,391000,370080,4,367804,367808,23196,2276,2272
MTR_503,20230516,422000,412781,7,415869,415876,6131,-3088,-3095
MTR_503,20230517,498000,494199,2,497865,497867,135,-3666,-3668
MTR_503,20230518,420000,403978,9,406931,406940,13069,-2953,-2962
MTR_503,20230519,339000,330637,2,325633,325635,13367,5004,5002
MTR_503,20230520,355000,334854,6,336888,336894,18112,-2034,-2040
MTR_503,20230521,14000,13913,0,13995,13995,5,-82,-82
MTR_503,20230522,427000,397596,4,394732,394736,32268,2864,2860
MTR_503,20230523,362000,328084,5,329918,329923,32082,-1834,-1839
MTR_503,20230524,270000,265476,6,269926,269932,74,-4450,-4456
MTR_503,20230525,298000,299280,16005,285030,301035,12970,14250,-1755
MTR_503,20230526,461000,445451,7,447938,447945,13062,-2487,-2494
MTR_503,20230527,435000,418547,10,420959,420969,14041,-2412,-2422
MTR_503,20230528,17000,16903,1,16995,16996,5,-92,-93
MTR_503,20230529,409000,385764,8,387928,387936,21072,-2164,-2172
MTR_503,20230530,383000,357053,5001,362428,367429,20572,-5375,-10376
MTR_503,20230531,521153,494504,7,488856,488863,32297,5648,5641
MTR_503,20230601,494000,424999,2,427875,427877,66125,-2876,-2878
MTR_503,20230602,654000,422987,9,425359,425368,228641,-2372,-2381
MTR_503,20230603,354000,339639,5,341934,341939,12066,-2295,-2300
MTR_503,20230604,30000,29787,1,29996,29997,4,-209,-210
MTR_503,20230605,344000,332582,9,334935,334944,9065,-2353,-2362
MTR_503,20230606,442000,415959,-1,416085,416084,25915,-126,-125
MTR_503,20230607,427000,403995,7,406949,406956,20051,-2954,-2961
MTR_503,20230608,363000,326627,4,328947,328951,34053,-2320,-2324
MTR_503,20230609,340000,337874,10,339941,339951,59,-2067,-2077
MTR_503,20230610,303000,282628,6,283927,283933,19073,-1299,-1305
MTR_503,20230611,31000,30834,0,30990,30990,10,-156,-156
MTR_503,20230612,539000,359130,4,351928,351932,187072,7202,7198
MTR_503,20230613,266000,264573,7,265854,265861,146,-1281,-1288
MTR_503,20230614,385000,351026,5,355961,355966,29039,-4935,-4940
MTR_503,20230615,390000,381754,6,383934,383940,6066,-2180,-2186
MTR_503,20230616,369000,351680,7,353956,353963,15044,-2276,-2283
MTR_503,20230617,382000,352303,6,354914,354920,27086,-2611,-2617
MTR_503,20230618,17000,16910,0,16999,16999,1,-89,-89
MTR_503,20230619,294000,273497,2,274962,274964,19038,-1465,-1467
MTR_503,20230620,367000,336092,1,337912,337913,29088,-1820,-1821
MTR_503,20230621,423000,407451,3,409922,409925,13078,-2471,-2474
MTR_503,20230622,398000,374849,2,377890,377892,20110,-3041,-3043
MTR_503,20230623,487000,419447,9,422893,422902,64107,-3446,-3455
MTR_503,20230624,429000,292494,8,275075,275083,153925,17419,17411
MTR_503,20230625,47000,46593,0,46989,46989,11,-396,-396
MTR_503,20230626,677000,440126,18,420239,420257,256761,19887,19869
MTR_503,20230627,474000,299131,10,286667,286677,187333,12464,12454
MTR_503,20230628,656000,429816,11,414389,414400,241611,15427,15416
MTR_503,20230630,249000,143465,4,143432,143436,105568,33,29
MTR_503,20230701,299000,174206,8,166293,166301,132707,7913,7905
MTR_503,20230702,31000,30683,0,30998,30998,2,-315,-315
MTR_503,20230703,530000,280929,8,267565,267573,262435,13364,13356
MTR_503,20230704,564000,369191,10,353585,353595,210415,15606,15596
MTR_503,20230705,334000,241528,5,241721,241726,92279,-193,-198
MTR_503,20230706,381000,261330,13,250982,250995,130018,10348,10335
MTR_503,20230707,329000,314795,8,311664,311672,17336,3131,3123
MTR_503,20230708,325000,277094,6,275868,275874,49132,1226,1220
MTR_503,20230709,14000,13855,0,13997,13997,3,-142,-142
MTR_503,20230710,375000,341423,0,335092,335092,39908,6331,6331
MTR_503,20230711,601000,352945,8,345596,345604,255404,7349,7341
MTR_503,20230712,475000,362771,13,337380,337393,137620,25391,25378
MTR_503,20230713,959000,368647,16,362168,362184,596832,6479,6463
MTR_503,20230714,1076000,362634,14,364684,364698,711316,-2050,-2064
MTR_503,20230715,655000,262522,17,264942,264959,390058,-2420,-2437
MTR_503,20230716,71000,70333,1,70988,70989,12,-655,-656
MTR_503,20230717,1055000,454429,24,464216,464240,590784,-9787,-9811
MTR_503,20230718,771000,445571,14,426524,426538,344476,19047,19033
MTR_503,20230719,400000,305276,5,299660,299665,100340,5616,5611
